"H","C","epoch","t","velocity","dist_to_limit"
0.99074172579305,0.0162578574911183,1,1,NA,0.603193236081443
0.638558464284588,0.309802754128075,2,2,0.458477541465599,0.190621461790208
0.496806867942685,0.303200195306776,3,3,0.141905281256429,0.0510944846481551
0.45002838998835,0.289787130214701,4,4,0.0486635008490808,0.00663640786286322
0.445822791500375,0.286543447682301,5,5,0.0053111707761152,0.00523210131501775
0.421754676457917,0.278251282296546,6,6,0.0254565152462326,0.0284794419097074
0.421882990145157,0.278406272227267,7,7,0.000201212029853778,0.0283266617703549
0.418508069325822,0.275731135308088,8,8,0.00430655872746886,0.032169008451857
0.424238832856193,0.277249905352711,9,9,0.00592860127597422,0.0262429032708367
0.42404031054389,0.274400187296685,10,10,0.00285662460034949,0.0272149729476899
0.433542466895416,0.277273014310392,11,11,0.00992693862071948,0.0172970067852636
0.435543585222315,0.273751930082443,12,12,0.00405000107389683,0.0170852066880936
0.442382417960129,0.275568441485847,13,13,0.00707596967874278,0.0106159523764812
0.436541777606859,0.271002077486242,14,14,0.0074138222202279,0.0179914951860181
0.443186506744272,0.274183389466257,15,15,0.007367032728567,0.0111505185522282
0.452915635303822,0.2732228683153,16,16,0.00977642794734791,0.0104060707956125
0.458559389589407,0.272066545775074,17,17,0.00576099333909549,0.0141248308897827
0.459897547886893,0.271717685520746,18,18,0.00138288506614922,0.0152505257522895
0.464046471730943,0.273618016934179,19,19,0.00456342289784876,0.0171362379161415
0.465696207353514,0.272811990331884,20,20,0.00183611179071073,0.0189570976984503
0.4646744917586,0.273162751619906,21,21,0.00108024822983671,0.0179114051357113
0.46119156989287,0.271214010321659,22,22,0.00399103211842219,0.0164965862619021
0.464479049633256,0.271570704224811,23,23,0.0033067738936915,0.0186921031946661
0.469128146640347,0.270168297987759,24,24,0.0048560113503843,0.0232781354069762
0.470194379181907,0.273052375757846,25,25,0.0030748587636821,0.0227512287837068
0.470654784291203,0.271889241388408,26,26,0.00125094141590768,0.0236950280438339
0.473963765191337,0.273248657606782,27,27,0.00357734077943852,0.0261071091317157
0.480802893431877,0.272385409627995,28,28,0.00689339337071569,0.0328115656069962
0.482656966483727,0.272697734677827,29,29,0.00188019515432552,0.0344722710100402
0.476698059513537,0.273580631525579,30,30,0.00602395875842055,0.0285426692601243
0.476580573870336,0.274558359483871,31,31,0.000984761309548401,0.0281178688294518
0.475800641138557,0.271816602805557,32,32,0.00285053060835701,0.0283569406782923
0.483130892886949,0.273515693400717,33,33,0.00752459298204038,0.0346880399296496
0.485084775870932,0.271582898067567,34,34,0.00274833704536904,0.0371252905950785
0.484592027939405,0.273864642311023,35,35,0.00233434301604776,0.0360023042124458
0.487399144729502,0.271777897531844,36,36,0.00349777192605152,0.0392740567099615
0.484120159961923,0.272906332651868,37,37,0.00346772359425046,0.0358090164753925
0.488180414733955,0.272661752447804,38,38,0.00406761456999415,0.0397802605261074
0.485859989803791,0.273133329414931,39,39,0.00236785909472073,0.0374179532898827
0.490521155106082,0.273991414970725,40,40,0.00473949077394923,0.0417306667273651
0.48673169523147,0.274524748473582,41,41,0.00382680686298193,0.037917860550674
0.48455821431803,0.275945861250145,42,42,0.0025968405428136,0.0354891305898248
0.483786689494346,0.278225963384463,43,43,0.00240709706835491,0.0343333710170535
0.485961086584095,0.274222033378189,44,44,0.00455625484351499,0.0372393363193315
0.488549529698193,0.275460860284994,45,45,0.00286962190191368,0.0394971840405304
0.48651644059498,0.275238199170691,46,46,0.00204524552888475,0.0375514352134648
0.484659249731603,0.275224667092501,47,47,0.00185724016221753,0.035741124638311
0.4878370689079,0.273287147779778,48,48,0.00372189680195747,0.0392874620603288
0.490827490431103,0.27348356519931,49,49,0.0029968651436339,0.042143211849698
0.494603341685668,0.273002762021626,50,50,0.00380634002583537,0.045930364050093
0.490491982799384,0.274277418506392,51,51,0.00430441878143713,0.0416403000361977
0.492333807179947,0.274407397473238,52,52,0.00184640504241606,0.0434151865047039
0.496716096393321,0.273506933786656,53,53,0.00447384550476495,0.0478890319254234
0.498779658660809,0.274691835059367,54,54,0.00237955463435398,0.0496965903296795
0.495208192413855,0.277990486847567,55,55,0.00486173577777787,0.045692043253244
0.503819515949258,0.279579562456438,56,56,0.0087567148133358,0.0541288056888932
0.499950982196786,0.277707280514682,57,57,0.00429778932283045,0.0504370966531538
0.502773021635225,0.277309533202495,58,58,0.00284993149329129,0.0532856632565057
0.495508453825824,0.279024462754758,59,59,0.00746424335258427,0.045885801438935
0.496052495789189,0.275579947634049,60,60,0.00348721465853352,0.0468598266214916
0.493250197770847,0.277653073386811,61,61,0.00348578894518321,0.0437882622910439
0.501755413434359,0.276353993297446,62,62,0.00860385393654625,0.0523897597451262
0.500423153817532,0.275341252941892,63,63,0.00167348699259768,0.0512137574672301
0.497795454174669,0.274401958992418,64,64,0.00279053373687207,0.0487782269658905
0.493277557559057,0.276180409427407,65,65,0.00485533477518005,0.0440245564046583
0.499248189250996,0.272352634455778,66,66,0.00709227072482569,0.0506055544427836
0.495974523416577,0.27322718286577,67,67,0.00338846911109806,0.0472209177715328
0.497395850988183,0.273076075142432,68,68,0.00142933747234898,0.0486424836984387
0.50050927103243,0.273096751596533,69,69,0.00311348870042481,0.0516883420725006
0.493411580319403,0.271531712840427,70,70,0.00726818820380276,0.0451251702808935
0.501820013735322,0.272703912656499,71,71,0.00848974704680534,0.0530506308899005
0.499924907615704,0.272886871042857,72,72,0.00190391727124666,0.0511569850832911
0.50076033761889,0.273890516950102,73,73,0.00130585159851792,0.0517867685689757
0.501157857128202,0.272815093904889,74,74,0.00114654109671557,0.0523795517027109
0.505891379984995,0.272052405082372,75,75,0.00479457327358506,0.0571707943851208
0.506877555719977,0.274307324151453,76,76,0.00246113847403489,0.0577503535739553
0.511372777302739,0.273887268772173,77,77,0.00451480493485456,0.0622574649734353
0.502263583137033,0.27468261531868,78,78,0.00914385009050143,0.0531344136849117
0.496279194464562,0.274355032105292,79,79,0.00599334785782478,0.0472960665149178
0.496150369736916,0.273462040129613,80,80,0.00090223637649966,0.0473442112062618
0.495338440065603,0.273885050581173,81,81,0.000915514955250797,0.0464635399682657
0.495001110914005,0.273910871121225,82,82,0.000338315912730102,0.0461278596240087
0.502588643132958,0.273367386810812,83,83,0.00760697182651003,0.053679491430436
0.504522519249976,0.274406887205619,84,84,0.00219554956828032,0.055408484564716
0.506157778716671,0.275259011205406,85,85,0.00184396009567149,0.056899336392211
0.502308615110479,0.273973130514211,86,86,0.00405826928865287,0.0532964982963312
0.502978527987142,0.274207246852727,87,87,0.000709643376830676,0.0539171760098231
0.500501482308074,0.274036671872993,88,88,0.00248291182282046,0.0515060360175528
0.499295663597117,0.274393594121838,89,89,0.00125753419651928,0.0502562668930925
0.496918876565053,0.272772658839712,90,90,0.00287689898756138,0.0482403470254379
0.500618583355049,0.273289003928498,91,91,0.003735564560098,0.0517585816636325
0.506512415296754,0.272409349230533,92,92,0.00595911464436772,0.057712612967533
0.508468383726829,0.27241287360728,93,93,0.00195597160528448,0.0596348590989056
0.50592268988413,0.270054503883325,94,94,0.00347022548195679,0.0576226117698866
0.500525852082216,0.27163967738716,95,95,0.00562482295698526,0.0520076794579038
0.5053443360553,0.269760851279487,96,96,0.00517182514609095,0.0571276855122009
0.508106429513717,0.272591091083107,97,97,0.00395467035529207,0.0592468264661206
0.508142372098735,0.269898213008458,98,98,0.00269311793175607,0.0598207423512194
0.509564454644407,0.268857621087443,99,99,0.00176214366973503,0.0614420450890176
0.507973124712727,0.271577600941018,100,100,0.00315128884034956,0.0593051449527597
0.505884209688459,0.270345141379968,101,101,0.00242539121550239,0.0575197199444174
0.508750964326057,0.269831381691235,102,102,0.00291242702397074,0.0604290537174495
0.507717309725199,0.27259435421211,103,103,0.00294999304829377,0.0588633967303201
0.50171845840611,0.271855703856399,104,104,0.00604415597883835,0.0531249800598101
0.50750107122708,0.27206049525317,105,105,0.00578623803117625,0.0587491470336408
0.497466206727071,0.272605754298503,106,106,0.0100496673059381,0.0488107923865508
0.50026341572217,0.274301167951628,107,107,0.0032709028749665,0.0512253723256336
0.503419173601615,0.272207922512192,108,108,0.00378688318586714,0.0547164291006208
0.505584866490874,0.272576501982794,109,109,0.00219683329288675,0.0567701618889072
0.502111048696732,0.273551221601625,110,110,0.00360797566541581,0.0531764673736654
0.511374363921548,0.272720072938859,111,111,0.00930052778362198,0.0624434356513527
0.512115371007859,0.272607133700999,112,112,0.000749564389103561,0.0631928975235588
0.507613885919718,0.274937701121837,113,113,0.00506901494393466,0.0583860577740502
0.51296759802137,0.272689455604407,114,114,0.00580662046064821,0.0640198201746917
0.513428812296513,0.274912204803359,115,115,0.00227009528633453,0.0641516049886114
0.511126466240698,0.272592450457235,116,116,0.00326834171822444,0.0622205738834628
0.507596720300768,0.274529102420435,117,117,0.00402613055265503,0.0584279821633956
0.509748863898561,0.271903806786644,118,118,0.0033946869119733,0.0609866880190624
0.510206336529047,0.27341482222637,119,119,0.00157874914623343,0.0611776990911764
0.510878859184079,0.274173078137281,120,120,0.00101352787231656,0.0617268604584001
0.51574329964423,0.27275535653752,121,121,0.00506682499448853,0.0667494302614535
0.512508305822227,0.272393465219601,122,122,0.00325517286090594,0.0636161484446476
0.508615001285195,0.271966865975251,123,123,0.0039166065839396,0.0598608338473372
0.517911572502583,0.270958845954121,124,124,0.00935106094317452,0.0691860298493946
0.519376375222381,0.274249063914936,125,125,0.00360155261485917,0.0701351563827107
0.513087861000796,0.274568391187079,126,126,0.00629661663290817,0.0638588115257677
0.519188033078651,0.27556219867053,127,127,0.00618059484949522,0.0697933183371936
0.519628754020626,0.273417733750306,128,128,0.00218928407082436,0.0704955045214862
0.518727664186202,0.275389251195093,129,129,0.0021676816936076,0.0693548499957246
0.519239431931314,0.272614583178719,130,130,0.00282146926724832,0.0702259772995732
0.521269537393897,0.276059379076237,131,131,0.00399849308674737,0.0718120031221654
0.521652753230267,0.274684539641322,132,132,0.00142724834876138,0.0723414088929504
0.523800735388693,0.273939336351155,133,133,0.00227357764252512,0.0745634680343616
0.522832687867389,0.274475797101859,134,134,0.00110675477886848,0.073537700689492
0.522146932497511,0.273807457445424,135,135,0.000957568965494507,0.072939412358878
0.516622117345922,0.276511872981595,136,136,0.0061512149898628,0.0671426156392909
0.524953760064177,0.275644830908686,137,137,0.00837663609934425,0.0755191729476019
0.530686065350151,0.27510166556449,138,138,0.00575798163272024,0.0812770841772065
0.525740599178592,0.274904697646309,139,139,0.00494938703425297,0.076378546384564
0.521473352252617,0.274113198385754,140,140,0.00434003080711409,0.0722325317518825
0.522605962343918,0.272867779439847,141,141,0.00168341140834381,0.0735202582377966
0.52374733901977,0.275921897362621,142,142,0.0032604258927922,0.0742913434016888
0.531579801316896,0.276480504805846,143,143,0.00785235683801503,0.0820428140855862
0.52381633609548,0.274339140240766,144,144,0.00805337410311396,0.0745306051416226
0.527461280963878,0.271816484068972,145,145,0.00443276632079166,0.0784757427335188
0.524115717050653,0.274108281696511,146,146,0.00405526007341824,0.0748554407243824
0.53099775587211,0.276735286778446,147,147,0.00736638405464688,0.0814422341298434
0.530043548963221,0.274032467619685,148,148,0.00286631160726368,0.0807515351484588
0.532849289258547,0.274014075559696,149,149,0.00280580057607211,0.0835419281386151
0.532562748106354,0.275968262884112,150,150,0.00197508327186621,0.0830652881340646
0.531291647441466,0.277845279231588,151,151,0.00226691139415982,0.0816555397673939
0.531212710455316,0.274062466886975,152,152,0.00378363585488092,0.0819099843193245
0.524081699064632,0.277362502207234,153,153,0.00785757956173605,0.0744983003258211
0.530486485964293,0.278089567489692,154,154,0.00644592267677965,0.0808364254616687
0.525657519059738,0.279585722105759,155,155,0.00505543272138658,0.0759325406249787
0.520436907481862,0.278242588531541,156,156,0.00539062084042746,0.0707986107272492
0.527099297493522,0.279788103559258,157,157,0.00683930240363456,0.0773636853755511
0.522687374230986,0.278828497513661,158,158,0.00451507592818214,0.0730067635066784
0.528647130251644,0.27622250742392,159,159,0.00650460422882143,0.0791424015553742
0.525447180668769,0.275858888090935,160,160,0.00322054286608062,0.0759893143402661
0.527280176197723,0.278533608633042,161,161,0.00324253027549995,0.0776089721403646
0.531603166134943,0.278824334206879,162,162,0.00433275470764135,0.0819088140837351
0.534676310038818,0.278992219171432,163,163,0.00307772624111471,0.0849694270807185
0.529915576804516,0.277143924141621,164,164,0.00510693405532263,0.0803318595421545
0.531949639824704,0.277162551529492,165,165,0.00203414831063865,0.0823590045277824
0.52563226388524,0.275409358637432,166,166,0.00655613636811252,0.07621791153332
0.527739753985004,0.278262384391818,167,167,0.00354700866587537,0.0780842622948133
0.525544836280916,0.276945639494587,168,168,0.00255958607046235,0.0759900174559639
0.522182992879558,0.27761832721895,169,169,0.0034284836050007,0.0725855314205009
0.51642037290236,0.277390299247733,170,170,0.00576712976768068,0.0668604136390583
0.518354772379494,0.279191101209614,171,171,0.00264287514708017,0.0686603693764793
0.521261944973791,0.275313987508503,172,172,0.00484599454646535,0.0718819268547918
0.52167030419566,0.279542992430338,173,173,0.00424867507383065,0.0719521076028494
0.522441059622282,0.277501885642961,174,174,0.00218178386765115,0.0728517911759629
0.529156226721439,0.276627247844362,175,175,0.0067718875100186,0.0796153507061865
0.524433354296057,0.27718632490376,176,176,0.00475584809521751,0.0748627349583835
0.522175491839809,0.277700617515604,177,177,0.00231569422893646,0.0725718217692169
0.51980218878692,0.277192409303935,178,178,0.00242710588299369,0.0702467624684272
0.527869348199999,0.27571894261572,179,179,0.00820061979836368,0.0784137842889693
0.527446717671173,0.275489233623368,180,180,0.000481022645062619,0.0780153025977973
0.527966912999453,0.278604761183217,181,181,0.00315865717603845,0.0782903343171621
0.522502245038718,0.275202537824951,182,182,0.00643721365969921,0.0731269872286249
0.525083175817438,0.277472861450521,183,183,0.00343737880504408,0.0754883998702238
0.526477641167748,0.274935883066993,184,184,0.00289495991884266,0.0771079875211188
0.533931688556265,0.275756181444003,185,185,0.00749904739934226,0.084447494746313
0.529768744334397,0.273896511065811,186,186,0.00455943839852112,0.0804940188818408
0.525578525261163,0.2783961976054,187,187,0.00614858640959485,0.0759188958012615
0.52530397623424,0.275511064636833,188,188,0.00289816656086132,0.0758810185176511
0.53066211583437,0.276753769285077,189,189,0.00550036133515293,0.0811061818993203
0.530652661865841,0.27672145792614,190,190,3.36660279406337e-05,0.0810993139983428
0.533964495310973,0.277501387962984,191,191,0.00340243025360826,0.0843452613194698
0.529106874829831,0.276707691745424,192,192,0.00492203519131872,0.0795596063350573
0.530900485145606,0.27880437347692,193,193,0.00275918688168173,0.0812081908964996
0.52926505155058,0.273466539255516,194,194,0.00558275176046192,0.0800445905118685
0.534759718114917,0.276666966381816,195,195,0.00635878089290726,0.0851981841517024
0.533097224875866,0.274724575555022,196,196,0.00255670997453756,0.0837138522184226
0.533315593647113,0.275321075716379,197,197,0.000635214422659661,0.0838733030735913
0.529377323243464,0.275347195710297,198,198,0.00393835702118835,0.0799505372083556
0.536468997069681,0.277409837568393,199,199,0.00738554866561906,0.0868503013133882
0.532594067794287,0.276644911305139,200,200,0.00394970746733499,0.083040710879854
0.542349486719165,0.273240579988932,201,201,0.0103323603358754,0.0930701146831927
0.536477788635588,0.274558236378748,202,202,0.00601772853710588,0.0870941584631831
0.546820773945933,0.275263983167603,203,203,0.0103670354325612,0.0973322399515536
0.54127592688819,0.274078595148525,204,204,0.00567013876810155,0.0919162091926163
0.541482060642418,0.27752392406057,205,205,0.00345148988652891,0.0918459211902578
0.536126492039767,0.274794321870123,206,206,0.00601106007088563,0.0867215069283485
0.530162692183426,0.273616347587547,207,207,0.00607902394607072,0.0809179103272361
0.535569579767585,0.272616662489788,208,208,0.00549852740671611,0.0864056713816113
0.533485916983152,0.276332015843135,209,209,0.00425975364774276,0.0839546920173146
0.532215657886574,0.273587700358247,210,210,0.00302404127832864,0.0829602157921691
0.538774301641633,0.274513092216338,211,211,0.00662360611727512,0.089384098784578
0.535063849815067,0.273636637138085,212,212,0.00381256164034944,0.0857845924174951
0.538566936103315,0.276240059265221,213,213,0.00436456416094133,0.0890269591757316
0.532433490152627,0.275158596942851,214,214,0.00622805908648238,0.0830105886894734
0.526408578835469,0.277299271604112,215,215,0.00639390681704031,0.0768231435835978
0.526269457590334,0.276561911740482,216,216,0.000750369435238293,0.0767442490295462
0.529002587791077,0.275659282088891,217,217,0.00287832259869236,0.0795475893934407
0.528342761231907,0.277799351844144,218,218,0.00223947977118156,0.0787162376950125
0.53441558136398,0.276638111760628,219,219,0.00618284909148484,0.0848572614385702
0.533248967903548,0.276144184851578,220,220,0.00126686651133507,0.0837340446748415
0.5378119349674,0.277658600051647,221,221,0.00480771482348876,0.0881744887477606
0.53213409117235,0.278350093573469,222,222,0.00571979662677877,0.0824652703755831
0.536230659340645,0.279910168182564,223,223,0.00438357200732825,0.0864826466306713
0.538668703601557,0.275948323974626,224,224,0.00465191028999308,0.0891515259742023
0.539113617658428,0.278786531945996,225,225,0.00287286842837496,0.0894114841718786
0.538476876594437,0.276840094859307,226,226,0.00204793957796884,0.0888925359902406
0.540060999681778,0.27720194425566,227,227,0.00162492490333842,0.0904481937127428
0.538577165424235,0.27420818916421,228,228,0.00334130717705588,0.0892179456487591
0.536631881370987,0.275582560124019,229,229,0.00238181140793842,0.0871525392957284
0.538547422389234,0.274382064635433,230,230,0.00226063858471481,0.0891710795591548
0.540416249007298,0.274554850333569,231,231,0.0018767972255591,0.0910145385882316
0.539006787391573,0.275341715909643,232,232,0.0016142303060634,0.0895393961267031
0.540033460233045,0.275335065676884,233,233,0.00102669437955621,0.0905627716214207
0.536295825664302,0.273409889827883,234,234,0.00420430900613129,0.0870341647205858
0.531561443936961,0.27451191852884,235,235,0.0048609502772518,0.0822081073043597
0.53065448752896,0.276705908435078,236,236,0.00237406015818627,0.0811023687671283
0.528485620610327,0.275662455238266,237,237,0.00240681912171994,0.0790326362008789
0.526901408245894,0.275688742552647,238,238,0.00158443044609783,0.0774531652021365
0.528896611559299,0.275125234254813,239,239,0.00207325296660915,0.0794942486530236
0.528181893249265,0.273680307140054,240,240,0.00161202873102927,0.0789435639841891
0.537330606540419,0.27237448171811,241,241,0.00924143576054853,0.0881830920995915
0.525693745092339,0.278521782479289,242,242,0.0131607693927906,0.0760261337488814
0.529235855640001,0.277100600905888,243,243,0.00381658279045992,0.0796573405741275
0.525591534068067,0.276191282029952,244,244,0.00375605385182305,0.0761018696964748
0.530563198235008,0.278097829719305,245,245,0.00532469423353261,0.0809124703976296
0.52973581626577,0.27785035229841,246,246,0.000863600600320325,0.0801027283807889
0.532540480274133,0.277717777735544,247,247,0.00280779561480668,0.0829100328532976
0.530582361987797,0.279204845784195,248,248,0.00245877990161827,0.0808699791199353
0.532245487915232,0.279712141781253,249,249,0.00173877459123855,0.0825084399036327
0.528110945558661,0.278903722793443,250,250,0.00421283535853562,0.0784173505428208
0.528234621068822,0.277501409858404,251,251,0.00140775608668288,0.0786292068348173
0.53265705373478,0.277130622988892,252,252,0.00443794925472676,0.0830668690129921
0.534716485686534,0.278468723533986,253,253,0.00245596682239188,0.0850367927799309
0.530620918078557,0.276080017835681,254,254,0.00474126448794282,0.0811210900009904
0.534205866676811,0.277151233363973,255,255,0.0037415717499703,0.0846102139781228
0.528890758734923,0.275401118683044,256,256,0.00559582646535093,0.0794610327407514
0.536095099286031,0.276615300270617,257,257,0.00730594002876672,0.0865336370584458
0.53082782768519,0.276395467152866,258,258,0.00527185704630617,0.0813003809759702
0.537883657760843,0.277220993866486,259,259,0.00710395892523325,0.0882744057480229
0.529619082693128,0.275173596445777,260,260,0.00851440175515783,0.0802082318881544
0.532597825721869,0.276040278890473,261,261,0.00310226505818182,0.0830940376859897
0.531341682749824,0.275698551272733,262,262,0.001301796040455,0.0818729896015809
0.536516767153161,0.276843661163683,263,263,0.00530026180900716,0.0869372303247151
0.528293850771715,0.275396491367805,264,264,0.008349290642585,0.0788674495296482
0.53177468457013,0.277383176437548,265,265,0.00400788242074659,0.0821687234651952
0.528440359095163,0.275528174508263,266,266,0.00381559412551506,0.0790004281205342
0.5202902704789,0.278606427918887,267,267,0.0087120369898759,0.0706279662143593
0.521720975940445,0.275418800066238,268,268,0.00349397902751,0.0723269514223579
0.524402850924326,0.27856711742241,269,269,0.00413574124001324,0.0747348833493116
0.519461772804698,0.276698754757901,270,270,0.00528252137055771,0.0699514104006398
0.52015954785366,0.277072535635687,271,271,0.00079158206368766,0.0706130622309774
0.516015464324878,0.276316327745222,272,272,0.00421251453019769,0.0665587711022291
0.517176586830305,0.277113012664868,273,273,0.00140815920044596,0.0676380464093645
0.508404957871672,0.277401242581912,274,274,0.0087763632031156,0.0588778250177761
0.509619274656127,0.275890248153043,275,275,0.00193847089663062,0.0602498977595722
0.507845042579514,0.276957828104287,276,276,0.00207065844937842,0.0583660239264306
0.515195005279358,0.275692279703898,277,277,0.00745812070449562,0.0658105427406119
0.512515987660894,0.274951813954969,278,278,0.00277946486312997,0.0632413048069152
0.508731882616605,0.278761520689372,279,279,0.00536966632002123,0.0590865201798191
0.508531236344836,0.276710737865075,280,280,0.00206057494860184,0.0590748251637882
0.512796790381087,0.277937122807423,281,281,0.00443835231397739,0.063203607299521
0.5120123395437,0.274863573579662,282,282,0.00317207628718836,0.0627535420626159
0.51119775569141,0.276429399370929,283,283,0.00176503746730953,0.061756122788233
0.507313674928272,0.277883606095565,284,284,0.004147384787134,0.057745838603512
0.511321737097227,0.277952615156669,285,285,0.00400865620884584,0.0617324007652446
0.504103652520615,0.276846348697772,286,286,0.00730236745399811,0.0546599755306089
0.510195199669155,0.277829354778792,287,287,0.00617035230908377,0.0606206471054339
0.506458050575744,0.277017153441927,288,288,0.0038243894098263,0.0569806407016841
0.50667859151288,0.276911499893076,289,289,0.000244542383520786,0.0572113360333298
0.500371186580371,0.276452304288325,290,290,0.00632409816385444,0.0510045489149586
0.497814365741217,0.278211934964798,291,291,0.00310380942087555,0.0482592361819625
0.49806839067267,0.276536846417701,292,292,0.00169424033313291,0.048711102263402
0.502256078289535,0.277664798697743,293,293,0.00433693485338357,0.0527337037253956
0.4996368165647,0.27653156442563,294,294,0.00285390117184794,0.0502661347374102
0.503860099602235,0.278573141985132,295,295,0.00469085904143277,0.0542450137615719
0.502563621218164,0.274786623532316,296,296,0.00400232160050653,0.0534142426009842
0.499351121312884,0.280762391289174,297,297,0.00678453800382319,0.0495999482120449
0.508213510527825,0.273859166821719,298,298,0.0112337193593738,0.0591396737881595
0.507682501390327,0.278030003288709,299,299,0.00420450324515024,0.0581000402218347
0.511496580246439,0.274718023817778,300,300,0.00505137659816736,0.0622618956811333
0.511579211545257,0.280556513678884,301,301,0.00583907456621258,0.0618249323754071
0.510731806316898,0.278439733067298,302,302,0.00228009994926493,0.0611050753576873
0.509092382675678,0.281024434708886,303,303,0.0030607829801244,0.0593217488833773
0.509563451193203,0.278064568483035,304,304,0.00299711755243876,0.0599709457541621
0.511314123095629,0.282185694792685,305,305,0.00447755895215589,0.0615128674471126
0.510821990860392,0.280689040211314,306,306,0.00157549010561746,0.0610628946516924
0.50275630254223,0.283258178180003,307,307,0.00846497477538432,0.0529475213574267
0.509008029548121,0.278518983141301,308,308,0.00784500224162093,0.0593803470305952
0.508412689971386,0.283391718530339,309,309,0.00490896927910634,0.0586042876934722
0.502302069011941,0.28006074924091,310,310,0.00695952907294226,0.0525842653993227
0.512032982916141,0.281877780174945,311,311,0.00989910535483834,0.0622371934823187
0.509011381339118,0.282345861618607,312,312,0.00305764228257075,0.0592080186398122
0.51418743816254,0.281053981251085,313,313,0.00533484012162327,0.0644128087520953
0.502727285632975,0.280512712891316,314,314,0.0114729275879429,0.0529842958325762
0.508710093352507,0.282591174748143,315,315,0.00633356075988672,0.0589039027042018
0.505397533355748,0.281291779213028,316,316,0.00355829769536084,0.0556198456837868
0.514540176557762,0.28215142263262,317,317,0.00918296855750868,0.0647390626961547
0.509508299775113,0.279879337239221,318,318,0.005521064751537,0.0597891804401761
0.516395654595813,0.279625810819426,319,319,0.00689201944801085,0.0666801977218917
0.509389953065723,0.280702458280498,320,320,0.00708794918746896,0.0596314992527607
0.514450151649596,0.282941776422878,321,321,0.00553354817915442,0.064641618206203
0.50996356582408,0.27840877951702,322,322,0.00637789254520889,0.0603415805331135
0.518133684376104,0.27892228455241,323,323,0.0081862399534524,0.0684557440545515
0.511255253033038,0.280024933570049,324,324,0.00696625097146105,0.0615260080152816
0.518163480400788,0.278708699955277,325,325,0.00703250142504022,0.0684990133118457
0.509483333024158,0.278004138538129,326,326,0.00870869480867002,0.0598962828814795
0.515550859229424,0.280464178768779,327,327,0.00654726448129375,0.0657969944732192
0.512476681079446,0.279367540448817,328,328,0.00326392201233607,0.0627821063067864
0.519811607250442,0.278941393994628,329,329,0.00734729492632308,0.0701293835260523
0.519350257892377,0.275911925787173,330,330,0.0030643956745446,0.0699174912663509
0.519421136399136,0.279257888567736,331,331,0.00334671341641841,0.0697212181884345
0.512909137773154,0.278933493674797,332,332,0.00652007347745057,0.0632412666957791
0.516956332235558,0.276962661765039,333,333,0.00450155100304743,0.0674323141306645
0.512760230288824,0.279194359341003,334,334,0.00475265669051998,0.0630757773028577
0.513355783500763,0.280521846829996,335,335,0.00145495933334358,0.0636014045253528
0.507243850980235,0.282048172632521,336,336,0.00629963408389215,0.0574456193761491
0.511251004650473,0.282372193098935,337,337,0.00402023255540685,0.0614470999350581
0.504668085929886,0.282791190991386,338,338,0.00659623969513904,0.0548604049876168
0.510373289052935,0.283132234623825,339,339,0.00571538742645493,0.0605644101124507
0.506756196065703,0.280168031802752,340,340,0.00467652221664192,0.0570255608077608
0.512851873940846,0.282950192755344,341,341,0.0067005752233396,0.0630433215414944
0.506953577653922,0.282339885341548,342,342,0.00592978703054892,0.0571504985798428
0.510117527086376,0.28094541156957,343,343,0.0034576195730384,0.0603490843242225
0.50502397773675,0.281150013050226,344,344,0.00509765698561278,0.0552514621523461
0.506968427714864,0.281720019617617,345,345,0.00202627569798783,0.0571775381442717
0.504979986799254,0.280393165879516,346,346,0.00239048909580894,0.0552401561742511
0.511169596449166,0.282497428234617,347,347,0.00653752152404658,0.061364229877007
0.507199331634839,0.281680642951788,348,348,0.00405341101963816,0.057409367004402
0.507644256822466,0.283183188395736,349,349,0.00156703581124157,0.0578353810309595
0.508071245725044,0.280664334233017,350,350,0.00255478880065923,0.0583155477466701
0.51075521991663,0.281040152392284,351,351,0.00271015806733313,0.060982996258585
0.513653788855233,0.278753402037214,352,352,0.00369200881340366,0.063996409123352
0.516835841674037,0.280613009002488,353,353,0.00368559333173773,0.0670751192622973
0.51660147161705,0.280915105979973,354,354,0.000382350503357349,0.0668301139208579
0.51857629772608,0.282404284600413,355,355,0.00247337646234516,0.0687715052502291
0.516145207145435,0.279532590450772,356,356,0.00376255613916685,0.0664351192664327
0.519740952042702,0.278509226298763,357,357,0.00373853655242754,0.0700861718945678
0.51178009805219,0.279204078346145,358,358,0.00799112104938976,0.0620969900392663
0.515582048393011,0.279125437793018,359,359,0.00380276356491783,0.0658964449030287
0.507843374940748,0.281094539636481,360,360,0.00798526323114645,0.0580710348680096
0.508045403149157,0.281785465580728,361,361,0.000719856970118118,0.0582526062575431
0.505321924486317,0.279689251784858,362,362,0.00343677876869303,0.0556210815044524
0.511841283951153,0.281254470092365,363,363,0.00670462200141825,0.0620614882800624
0.505272311452754,0.280164409370625,364,364,0.00665880109793124,0.055543961546935
0.504598686870393,0.282933020512347,365,365,0.00284938199124483,0.0547902509459445
0.507161971502664,0.279196643917306,366,366,0.00453110782988107,0.0574894792883733
0.505855545262986,0.27948478415561,367,367,0.00133782447153894,0.056166663536414
0.506611027377407,0.279483842089868,368,368,0.000755482701786344,0.0569206136890055
0.508717787092713,0.278582192694369,369,369,0.0022915951061302,0.0590860697533846
0.509625012477089,0.278806662248885,370,370,0.000934582515864413,0.0599739257336429
0.511674787497219,0.278706710572241,371,371,0.00205221050840616,0.0620255727102913
0.509900537084951,0.279214064930896,372,372,0.00184536526754968,0.0602207004915724
0.513478070737151,0.277674452669552,373,373,0.00389475967781153,0.0639045756077748
0.508801931050632,0.277901725185194,374,374,0.00468165944556048,0.0592264284393676
0.508255742232398,0.280817526376827,375,375,0.00296651627575068,0.0584935562080174
0.502855171880359,0.280810302985493,376,376,0.00540057518276539,0.0530980540067002
0.498568873946221,0.283186181669932,377,377,0.00490072948685915,0.0487600013545646
0.500742521651433,0.280175189721199,378,378,0.00371359890964407,0.0510206915437825
0.500751984107325,0.28164952033492,379,379,0.00147436097907757,0.0509653222847144
0.503032167475532,0.280755433855672,380,380,0.00244920942857534,0.0532773200184076
0.506435504721404,0.281900398714012,381,381,0.00359077274914099,0.0566405039938703
0.507208090066653,0.280144974113628,382,382,0.00191791648497138,0.0574780422331032
0.510997475848604,0.281144626680634,383,383,0.00391902409525309,0.0612215885082295
0.505837837637056,0.281251912750377,384,384,0.00516075350843504,0.0560612436634351
0.50445380674976,0.280790318173094,385,385,0.00145897602816746,0.0546960360283768
0.498525275889351,0.279266177640623,386,386,0.00612131379080822,0.0488713090699738
0.499382526506994,0.281607211276637,387,387,0.00249305377126063,0.0495977800094604
0.503854865371176,0.27819010066811,388,388,0.00562836209096259,0.0542734927894511
0.507010214132201,0.279226890920896,389,389,0.00332131898979498,0.057336003074058
0.501249718716699,0.278678503178288,390,390,0.00578653925487984,0.0516351897263904
0.503495418331331,0.2799813575071,391,391,0.00259626581097971,0.0537802192455892
0.505130418571325,0.277722860779138,392,392,0.00278819534017911,0.0555875293045797
0.505578043016555,0.279047740803601,393,393,0.00139845440511666,0.0559201527149193
0.506071767914287,0.276869886622659,394,394,0.00223311735206375,0.056612778999206
0.512636075469051,0.279346008973172,395,395,0.00701579044500691,0.0629425103145215
0.513810051656239,0.278059659362698,396,396,0.00174152674640599,0.0642036252953441
0.517288270861369,0.281695649807637,397,397,0.00503174277508435,0.0674951524598292
0.515058333503935,0.280379896682982,398,398,0.00258917494641005,0.06530840990838
0.513263097582495,0.278278530285181,399,399,0.00276380403636631,0.0636412680860275
0.511152585076485,0.279709165267903,400,400,0.00254970184370827,0.0614403703553758
0.516729541421317,0.279841990353875,401,401,0.0055785378528451,0.0670025841021522
0.51354223140825,0.27804863520427,402,402,0.00365719398063793,0.063937532498379
0.511590217666227,0.279808187035765,403,403,0.00262799929542654,0.0618718849410055
0.513418497250214,0.27903281542432,404,404,0.00198590215596337,0.0637430004342646
0.513692390504275,0.281602491806745,405,405,0.0025842318442843,0.0639023537015541
0.514669204559693,0.279356821175447,406,406,0.00244891859463216,0.0649713980746891
0.514663219709665,0.28069758704976,407,407,0.00134077923169845,0.0649008528021469
0.508701649018896,0.281539651153139,408,408,0.00602074721734992,0.0589148975698439
0.503621564223617,0.283052775797121,409,409,0.00530064219839935,0.0538127771139836
0.504741793133477,0.282162725551112,410,410,0.00143076981059349,0.0549418596710207
0.500663758062637,0.283351196585699,411,411,0.00424768565680793,0.0508552560399415
0.492990976960406,0.282170918584106,412,412,0.00776302943468663,0.0431932909714677
0.502897767472141,0.281700637962818,413,413,0.00991794646618783,0.0531087840732463
0.50118974617249,0.281479801447219,414,414,0.00172223852200677,0.051408143589015
0.502398965067069,0.283162905090257,415,415,0.00207244980837095,0.0525900827827818
0.49878991985475,0.283675369294142,416,416,0.00364524716649264,0.0489838078425122
0.49406273623031,0.28669450783107,417,417,0.00560905183826477,0.0443952274430385
0.486879587898653,0.286673324568262,418,418,0.00718317956654303,0.0372373511420074
0.492502377460357,0.285158402756938,419,419,0.00582329378871038,0.0427405040227527
0.490566827861234,0.283822904176873,420,420,0.00235157579253198,0.0407634276145854
0.48460668571133,0.283440018454585,421,421,0.00597242797557172,0.0347989752634296
0.482155952166528,0.282963311956183,422,422,0.00249666657630496,0.0323476333274265
0.485503954422891,0.28387199997124,423,423,0.00346912568485517,0.0357022848246375
0.479126332555991,0.283724173413731,424,424,0.00637933486879852,0.0293229866200418
0.480085655029506,0.283748689205044,425,425,0.000959635676813909,0.0302826049178344
0.47790815985264,0.284414784448291,426,426,0.00227709642271688,0.0281275318288826
0.482142666253719,0.283615344149295,427,427,0.00430930960276013,0.0323370693343286
0.483600118474056,0.282279250844694,428,428,0.00197719809153425,0.0338025650066338
0.480476345261472,0.282441554083842,429,429,0.00312798680065867,0.0306757449122715
0.481646281883821,0.283789043185547,430,430,0.00178451073953764,0.0318437246548699
0.485867202846151,0.28438695291878,431,431,0.00426305873984111,0.0360793809918079
0.482868297089576,0.281897112889003,432,432,0.00389778643728754,0.0330833117361629
0.490446166346175,0.281903438137731,433,433,0.00757787189644249,0.0406565319332825
0.489057022170646,0.281669533500758,434,434,0.00140869901668321,0.0392762157113745
0.489307224987915,0.282574437589256,435,435,0.000938857209137061,0.0395025989519181
0.484209636359462,0.281304641977626,436,436,0.00525335994581113,0.0344504465295666
0.479092176783246,0.284033921525997,437,437,0.00579977235478738,0.0292965004015736
0.47678691239237,0.283392357635098,438,438,0.00239287445093624,0.0269790792454613
0.475700902833923,0.283975288850605,439,439,0.00123256868492266,0.0259050309181642
0.473978216808591,0.283385764850981,440,440,0.001820765138069,0.0241704416368324
0.476634697028225,0.282521069746423,441,441,0.00279366869566777,0.0268332880537818
0.476002525725464,0.280122303490898,442,442,0.00248066928563269,0.0263685465658049
0.474990036665848,0.281695683254212,443,443,0.00187100453645875,0.0252233665490534
0.474851526161104,0.280739432434734,444,444,0.000966230194972606,0.0251588120072538
0.476887611373505,0.28211366834383,445,445,0.00245645421817785,0.0270987187368123
0.481965486217408,0.279802766432198,446,446,0.00557898562245273,0.0323307944249853
0.485599633558531,0.280597102651214,447,447,0.00371994582296956,0.0358819921308308
0.484427311742554,0.279601631693565,448,448,0.00153795346735109,0.034800250613501
0.485456322679719,0.281482431951303,449,449,0.0021438920491275,0.0356866260534903
0.485164022313328,0.27919280001802,450,450,0.00230821443850078,0.0355763936321468
0.487298583244325,0.28023782433895,451,451,0.00237664179031614,0.0376029755299765
0.479861897011161,0.280018916665483,452,452,0.00743990743894264,0.0302161317341752
0.481155714667236,0.280359699042887,453,453,0.00133794497492253,0.0314711606203429
0.475431410066123,0.279029630943717,454,454,0.00587679711362832,0.0259524031846775
0.483133807368346,0.278454103603296,455,455,0.00772386923250602,0.0336547609601446
0.479335462041955,0.282088558590375,456,456,0.00525706099181096,0.0295458083333394
0.481337318830574,0.280806608439908,457,457,0.00237714677511197,0.0316157266944137
0.478215449741243,0.280420600795538,458,458,0.00314564278207707,0.0285378071937494
0.476756192559628,0.282033895453987,459,459,0.00217535081701197,0.0269705936159719
0.472680234896715,0.281626513172357,460,460,0.00409626551791319,0.0229223261211543
0.47927803110641,0.281015655774983,461,461,0.00662601400425533,0.0295466532722124
0.47541832019395,0.282546616615535,462,462,0.00415225353549869,0.025616647295186
0.482204469457029,0.281766702685794,463,463,0.00683081895226257,0.0324252925692389
0.475613040631162,0.282452713224311,464,464,0.00662703134332624,0.0258136950335689
0.477258501380149,0.282321558686734,465,465,0.00165067943259218,0.0274622485907231
0.472953433849209,0.283708802319029,466,466,0.0045230577424226,0.0231511910788919
0.473095973609759,0.28337312430126,467,467,0.000364687969298305,0.0232881182290752
0.474318026545068,0.283755487565764,468,468,0.00128047453810705,0.0245165144421808
0.477090027875549,0.282549908685835,469,469,0.00302281521299613,0.0272878401574086
0.472498394472085,0.28154602115463,470,470,0.0047000944125748,0.0227464429072669
0.470311991136765,0.282232524832931,471,471,0.00229164719034556,0.0205238206075264
0.468651716950575,0.282668632520216,472,472,0.00171659555173501,0.0188490932672984
0.469295625809646,0.282314630704906,473,473,0.000734803309758625,0.0195048271107223
0.466850182435024,0.282052900786194,474,474,0.002459409654537,0.0170768581820473
0.475855771551528,0.282777918663014,475,475,0.0090347266841341,0.0260496085867193
0.472391958944529,0.283195250557193,476,476,0.00348886280703377,0.02258311299629
0.470609558812835,0.281736506372259,477,477,0.00230323355883506,0.020848942558371
0.4691109837975,0.283071537041289,478,478,0.00200699625406624,0.019302278481149
0.475728431492114,0.280279319733623,479,479,0.0071824154352264,0.0260785125086768
0.471036731315391,0.282497816737557,480,480,0.00518977644072711,0.0212379986247265
0.475912218126134,0.281728270763539,481,481,0.00493584568720033,0.0261422611483868
0.474678933895801,0.280407419176214,482,482,0.00180710788513823,0.0250212925555411
0.478201628458732,0.279900101076979,483,483,0.00355903759990249,0.0285786310929164
0.479690694920962,0.28049188829827,484,484,0.00160235172300645,0.0300001901032987
0.487792464762563,0.278731487701943,485,485,0.00829081930968272,0.0382402174100597
0.480754398176193,0.280350653630576,486,486,0.00722191661393365,0.0310722648699037
0.480724440914533,0.280675355981372,487,487,0.000326081361225682,0.031014789238104
0.480163883911408,0.280202354270491,488,488,0.000733454001454167,0.0304982029216042
0.481312176879806,0.28072928116423,489,489,0.00126341944445156,0.0315964951022616
0.480036062239355,0.279240330555966,490,490,0.00196097998190311,0.0304795331685392
0.484714015450002,0.280154963552246,491,491,0.00476652911025319,0.0350337639038186
0.485173610894068,0.279442965697845,492,492,0.000847448474467897,0.0355589423411052
0.488221351934728,0.280704080026941,493,493,0.00329835334704681,0.0384905392489696
0.482850946615352,0.281337375773148,494,494,0.00540761655413466,0.033091983585645
0.490763491755323,0.281284511040495,495,495,0.00791272173604294,0.0409972717515186
0.478847877753882,0.279862518950593,496,496,0.0120001632711848,0.0292249789166112
0.488468138037718,0.279869521629038,497,497,0.00962026283249332,0.0387985582534178
0.481107698748891,0.280097910385964,498,498,0.00736398179986881,0.0314476980637801
0.485773425787354,0.280330151893014,499,499,0.00467150349620358,0.0360752609761328
0.48032997367145,0.280383810994372,500,500,0.00544371658311604,0.0306465802855047
0.483402260292243,0.28147896945732,501,501,0.00326164331882981,0.0336351291242271
0.485698308568589,0.279601533657441,502,502,0.00296590675341978,0.0360648499020061
0.485901715201744,0.282106914713433,503,503,0.00251362457302918,0.0361080277221142
0.47767030831027,0.279929546350058,504,504,0.00851451656894485,0.0280474313097656
0.48604491720057,0.280846522174055,505,505,0.00842466134199344,0.036309451411811
0.479454536635275,0.280580820788173,506,506,0.00659573447175265,0.0297571479087465
0.486684479829341,0.280433901738976,507,507,0.00723143580462613,0.0369758096760883
0.485532970274745,0.280064464848853,508,508,0.00120932124355326,0.0358574654067204
0.490071046251392,0.280948297293595,509,509,0.00462334222832375,0.0403225554203897
0.484469525286113,0.279375714352555,510,510,0.00581807994366841,0.0348660040648752
0.492011145854905,0.280077957982894,511,511,0.00757424497359159,0.0423142434839519
0.485701551886575,0.279017319797146,512,512,0.00639811920850496,0.0361303020983927
0.488438753512631,0.281568566912602,513,513,0.00374180899910749,0.0386624057286983
0.490206645379268,0.278137265757577,514,514,0.00385995715890726,0.0407081119316374
0.48787638828041,0.280417138424991,515,515,0.00326004870000464,0.0381657871213233
0.48381869344794,0.279085449341918,516,516,0.0042706303009543,0.0342523457550998
0.483210995527179,0.282131896606777,517,517,0.00310646707699685,0.0334177578674768
0.484875590158578,0.279561156074429,518,518,0.00306261035254934,0.0352503194401697
0.488138307493641,0.28094063229717,519,519,0.003542355015753,0.0383932981842205
0.48525424477512,0.280021677565585,520,520,0.0030269284040206,0.035583526129067
0.48767987204919,0.282375093371176,521,521,0.00337967951538516,0.037879005525126
0.483862158981074,0.280075483078304,522,522,0.00445680833888383,0.0341921781983972
0.485140156701743,0.282695542800781,523,523,0.0029151314075672,0.0353342526474767
0.479994853110196,0.281972769631486,524,524,0.00519582044565134,0.0302090869331691
0.485352289633423,0.281239242568883,525,525,0.00540741972219451,0.0355949632211559
0.482671369658658,0.279512970839263,526,526,0.00318862760377842,0.0330636159386506
0.484588121194928,0.280607540522816,527,527,0.00220726510504452,0.0348723625174409
0.480955811944542,0.278885959905683,528,528,0.00401964056996732,0.0314380401494496
0.487155766823014,0.280385097947506,529,529,0.00637862488029519,0.0374494126726859
0.478792620124438,0.280355500899569,530,530,0.00836319907016102,0.0291185610077865
0.485356060482554,0.280136049214173,531,531,0.00656710806799801,0.0356750892027559
0.482781484891098,0.279572465097328,532,532,0.00263553913514484,0.0331665856225842
0.487690910118393,0.279958175745094,533,533,0.00492455366162269,0.0380166217968823
0.481284985194249,0.281629856290181,534,534,0.00662045239984304,0.0315129989463291
0.486830760261985,0.281170029254451,535,535,0.00556480565740731,0.0370750177412162
0.482692861467379,0.279930584426975,536,536,0.00431954047495386,0.0330416211570556
0.484539454625324,0.280128201546898,537,537,0.00185713726392418,0.034862160043797
0.479456512333214,0.280076205478296,538,538,0.00508320823260903,0.0298069945143272
0.483191632882016,0.280329577754682,539,539,0.00374370445208007,0.0335020499293238
0.486726381350967,0.280608722674688,540,540,0.00354575360468153,0.0370051607572132
0.488746515513617,0.280716576720366,541,541,0.00202301125312629,0.0390138691151584
0.489392401397241,0.28165201543442,542,542,0.0011367559819131,0.0396120177496942
0.488187181022538,0.280152044408997,543,543,0.00192418014455664,0.0384955532624836
0.487244761397853,0.278862682652792,544,544,0.00159706245568449,0.0376810752530512
0.486940407475643,0.278716212309174,545,545,0.000337764520819219,0.0373958180719454
0.487384236062919,0.279904210212565,546,546,0.0012681966855914,0.0377156544579915
0.483558113045923,0.281083800376041,547,547,0.00400382945377942,0.0338126857940751
0.483658820838501,0.280468522620264,548,548,0.000623465136346247,0.0339563246090382
0.487642047772379,0.278424606780177,549,549,0.00447701784317823,0.0381276653226143
0.490983271253674,0.279070196015805,550,550,0.00340302215877508,0.0413764497352006
0.494720104725806,0.280331858677448,551,551,0.00394407366440248,0.0449998257348763
0.491623238560587,0.278707011856075,552,552,0.00349724280515466,0.0420501983466531
0.495959284529783,0.28006009001557,553,553,0.00454225881612678,0.0462540163683358
0.496426936742614,0.280010966545328,554,554,0.000470225166802569,0.0467239105667884
0.500539902541923,0.281582643422082,555,555,0.00440302803434283,0.0507553604915957
0.497591362685746,0.279751783716387,556,556,0.00347072536300469,0.0479034742841588
0.499216540915069,0.281000412706675,557,557,0.00204945813142301,0.0494545864801534
0.502524408714469,0.278799147520885,558,558,0.00397335598662798,0.0528951271220114
0.499603841316625,0.278849901976058,559,559,0.00292100837726779,0.0499806580521914
0.4968014669799,0.279462998493108,560,560,0.00286865635138702,0.0471373424510336
0.498563317955598,0.280799455380894,561,561,0.00221138777094332,0.0488112740596108
0.49687863282437,0.280588883767762,562,562,0.00169779397915013,0.0471396116421057
0.491799132149536,0.279651472557848,563,563,0.00516527510226807,0.0421361032934294
0.496951636314557,0.277416670988832,564,564,0.00561628322144086,0.0474906326913744
0.49635354572842,0.28022329921224,565,565,0.00286964707475683,0.0466368599936135
0.496495427082609,0.279524013754746,566,566,0.000713533790180766,0.0468274787648584
0.496060633380915,0.27990354542023,567,567,0.000577139366304174,0.0463658513221485
0.498726408087558,0.279224707850083,568,568,0.00275084991106825,0.0490751095586129
0.499667522805071,0.280125372062747,569,569,0.00130264843127085,0.0499505625016605
0.499522535474821,0.27888258553738,570,570,0.00125121527866545,0.0498968460582375
0.500103160735695,0.281637207734797,571,571,0.00281514993278627,0.0503171551908717
0.502019157928763,0.280635862127151,572,572,0.00216188303795466,0.0522709824800368
0.505100431317565,0.279363483762552,573,573,0.00333364551193428,0.0554213497807902
0.507610114525963,0.279720324576466,574,574,0.00253492508232252,0.0579031512391321
0.507257009296433,0.279657757074165,575,575,0.000358605626650178,0.0575544386158605
0.501320532895456,0.280627011571521,576,576,0.00601508157384536,0.0515736127747934
0.499821480816192,0.281645362701944,577,577,0.00181223512855778,0.0500353574566451
0.503013143964003,0.281132150574221,578,578,0.00323266149436329,0.0532426773543967
0.503825198886658,0.282080220858683,579,579,0.00124830703822807,0.0540269945977121
0.505265527477514,0.281420793099115,580,580,0.00158410587390019,0.0554837332097003
0.507466555931832,0.283036486853174,581,581,0.00273038322651291,0.057657793426691
0.501484147401246,0.281838627940372,582,582,0.00610115380906002,0.0516920118295722
0.49811895443376,0.283826721420425,583,583,0.003908585344321,0.0483147501539056
0.494141674657635,0.284054370458364,584,584,0.00398378946507587,0.0443419265297327
0.493897018796401,0.285034239896336,585,585,0.00100995079380462,0.0441281961153867
0.492218251103953,0.284103494218051,586,586,0.0019195177735187,0.0424199878910535
0.490589011541103,0.285256999962831,587,587,0.00199624574048287,0.0408342993982052
0.49218048598984,0.285246987867274,588,588,0.00159150594188079,0.0424232466927743
0.4968674253098,0.285413457942078,589,589,0.00468989471894549,0.0471127366940564
0.49371634455613,0.282682386129655,590,590,0.00416989965835616,0.0439099981253104
0.492618752448189,0.285391899945004,591,591,0.00292338392124307,0.0428683045815191
0.496470121048891,0.285103782035372,592,592,0.00386213050379283,0.0467019422454571
0.495097057175965,0.284717398412967,593,593,0.00142639289916771,0.0453151390952301
0.496379415228694,0.285955486911877,594,594,0.00178249973535208,0.0466546977480005
0.490837020216238,0.285586877194657,595,595,0.00555463910598406,0.041100185112577
0.492284385414601,0.284652345517699,596,596,0.00172285097227524,0.0425019092157016
0.494906170418372,0.28430743564633,597,597,0.00264437505383834,0.0451120264742112
0.494945031802715,0.285747932474206,598,598,0.00144102092917254,0.0452106025408835
0.497376824912722,0.284167389734354,599,599,0.00290029879191303,0.0475787278310785
0.503771281122312,0.284051529245881,600,600,0.00639550575554098,0.0539698558225576
0.490579233850518,0.284773989713999,601,601,0.0132118151799536,0.0408025088857863
0.496589949734091,0.283905397042877,602,602,0.00607315063713809,0.0467870951544106
0.493851599153075,0.283509370531383,603,603,0.00276683951510729,0.0440441470002862
0.491072565088923,0.284871859315127,604,604,0.00309506155278748,0.0412994102524662
0.492424166969039,0.285669064146106,605,605,0.00156919188911601,0.0426894155356702
0.485262974359292,0.282638128493727,606,606,0.00777619769056525,0.0354578493974731
0.487670634578703,0.281470748513887,607,607,0.0026757435881386,0.0378991656919567
0.492092274510715,0.280253948087151,608,608,0.00458601166231269,0.0423827506345728
0.485781151856342,0.284393104844892,609,609,0.00754737622115821,0.0359935915526712
0.486963689705125,0.284838453858295,610,610,0.00126361841848861,0.0371929543944763
0.48296362797784,0.284837063585668,611,611,0.00400006196888869,0.0331974190094987
0.484900992305301,0.285022128358171,612,612,0.00194618331802075,0.035141780256312
0.480401586374979,0.286105134073793,613,613,0.00462791044704773,0.0307346808444729
0.481486188685258,0.285597608713321,614,614,0.00119747407612195,0.0317713895267324
0.4871029870279,0.284855890028656,615,615,0.00566556001019204,0.0373329000090124
0.486376945802813,0.284167078447919,616,616,0.00100079830849354,0.03658208346063
0.487661612361974,0.284032310259243,617,617,0.00129171615802678,0.0378629096827456
0.488790393722861,0.283991451735131,618,618,0.00112952059727937,0.038990497729134
0.491604602069343,0.282032184172515,619,619,0.00342906663675777,0.0418107808871462
0.48983316027564,0.283367473119435,620,620,0.00221833329331806,0.0400248446969563
0.488381007747003,0.284461867880247,621,621,0.00181836378618777,0.0385942794043688
0.489923318877692,0.282742293539862,622,622,0.00230990465949553,0.0401165522059858
0.493570750849223,0.281435534362767,623,623,0.00387445215919146,0.0437956095849269
0.489029860987615,0.281451894615641,624,624,0.0045409193334751,0.0392579098068895
0.495947647562835,0.281043750006257,625,625,0.00692981624016611,0.0461870138099654
0.494672651477381,0.281766449400855,626,626,0.00146557477901165,0.0448852314443632
0.497697609185077,0.282459843402836,627,627,0.0031034117315194,0.0478937620360115
0.497235288597907,0.282084071171601,628,628,0.000595772687430863,0.0474384807333924
0.494516811156406,0.285424449400667,629,629,0.00430676750163819,0.0447655244238119
0.496314504022686,0.285178078503108,630,630,0.00181449669623259,0.0465496321274948
0.496925940955015,0.285435413170158,631,631,0.000663382433503405,0.0471722416804025
0.498773008693399,0.285168506661289,632,632,0.00186625247880789,0.0490055345812
0.498086826234861,0.286272010214766,633,633,0.00129944852108208,0.0483785033657127
0.502919777810199,0.283308389674311,634,634,0.00566925635664579,0.0531111182035607
0.502554605023902,0.284927477134641,635,635,0.0016597576232841,0.0527755166829159
0.500326160203964,0.283649521823788,636,636,0.00256887837237314,0.0505197039754348
0.504385603062442,0.284040431119695,637,637,0.00407822098455606,0.0545839125423114
0.499570596966446,0.284577527563092,638,638,0.00484486906881759,0.0497820610574004
0.503684329713999,0.283695348688457,639,639,0.00420725999733106,0.0538781628913994
0.498177767698386,0.284535204044215,640,640,0.00557024077131185,0.0483885911860519
0.502639463857879,0.284811208125882,641,641,0.00447022492417676,0.0528565553451477
0.496477177239106,0.285466316148898,642,642,0.00619701080309967,0.0467255268568919
0.494865568439882,0.283988344410309,643,643,0.00218670605747542,0.0450644033067081
0.495550265976261,0.282278788792255,644,644,0.0018415730035884,0.0457497620992107
0.498355463251893,0.284309609357209,645,645,0.00346314364736113,0.0485603240523412
0.497815934093349,0.282892268315208,646,646,0.00151655772796883,0.0480077665104727
0.498582511952169,0.284331110567654,647,647,0.00163030936973924,0.0487878226628901
0.498847149636617,0.283542892420199,648,648,0.000831457125778387,0.0490398058638674
0.501253409212148,0.284337164228302,649,649,0.00253395991483319,0.0514581220056187
0.501717162350714,0.281481216480504,650,650,0.00289335523427087,0.0519352371227894
0.501623045629859,0.283390335823943,651,651,0.00191143784221146,0.0518147000259141
0.501884729242076,0.281111127593789,652,652,0.00229418143774763,0.0521159144250075
0.502476896282927,0.284690352474099,653,653,0.00362787989714405,0.0526904063179639
0.498998133337867,0.285560256035435,654,654,0.0035858783908479,0.0492480529308256
0.49973662303305,0.286093625932514,655,655,0.000910961292812395,0.0500141834768908
0.497252475348072,0.284217046651563,656,656,0.00311328436196852,0.0474554925526209
0.501348459648262,0.285407153936949,657,657,0.00426537720936089,0.0515887882458484
0.503184837227185,0.283210048150475,658,658,0.00286348676430111,0.0533759833045832
0.50850566654773,0.282810551626158,659,659,0.00533580566843565,0.0586977904271268
0.506397218702626,0.282171420241067,660,660,0.00220318888044849,0.0565968718025959
0.510490337048244,0.283678343279054,661,661,0.00436170091061388,0.0606837163751834
0.506969722175815,0.283540313602458,662,662,0.00352331963801019,0.0571621422163826
0.50994374492307,0.28323368683591,663,663,0.00298978783112642,0.0601349142739249
0.50989775153796,0.281887189119694,664,664,0.00134728300339893,0.0601022281648339
0.507167208507892,0.284056033012632,665,665,0.00348708317523185,0.0573654123425323
0.504644258141928,0.28260590449572,666,666,0.00291000880835108,0.0548381178158687
0.503391332089925,0.2846810108444,667,667,0.00242402352507528,0.0536041932603546
0.501805958006256,0.281729629223163,668,668,0.00335023349325734,0.0520165901496991
0.506533059390611,0.282072896606429,669,669,0.00473954850111057,0.0567344845634498
0.501506861083153,0.282268282835382,670,670,0.00502999455311393,0.0517055708927951
0.504640175140842,0.282314678684203,671,671,0.00313365753695265,0.0548377210867949
0.508278651013153,0.281792715490131,672,672,0.0036757247243716,0.0584856207299539
0.505556524874885,0.28331409671601,673,673,0.00311842452964616,0.0557478707643804
0.49858147947751,0.283715398306189,674,674,0.00698658008339791,0.0487758233179747
0.499727172385203,0.283434421708548,675,675,0.00117964405104307,0.0499190750650214
0.49372145955805,0.282614274421874,676,676,0.00606145429200526,0.0439158976596207
0.502184367774936,0.282315233416167,677,677,0.00846818994889326,0.0523822062363421
0.501409058166398,0.281255956208282,678,678,0.0013126969156043,0.051635084892565
0.499676601282411,0.284367977511168,679,679,0.00356175286123123,0.0498824840179326
0.497970458099076,0.283238611643496,680,680,0.00204606740482877,0.0481616488236843
0.497287977511594,0.283994350070088,681,681,0.0010182928467381,0.0474865245274856
0.49569234883458,0.282813760969909,682,682,0.001984898359708,0.0458847299456982
0.50060346066107,0.283263878066688,683,683,0.00493169593274999,0.0507946957610579
0.501064616079405,0.284310642521042,684,684,0.00114384445741484,0.051268773924654
0.502705086704015,0.283584073405492,685,685,0.00179417015633387,0.0528979491813724
0.501307159036936,0.282076740453636,686,686,0.00205578558953407,0.0515095494730297
0.503351018211376,0.282297938873602,687,687,0.00205579402322733,0.0535489840362797
0.499460807119053,0.282446015749627,688,688,0.00389302826910407,0.0496569764809003
0.500654008666494,0.282423440569761,689,689,0.00119341508770454,0.0508503789556876
0.50196198665827,0.280862157626572,690,690,0.00203676480126281,0.0522034518549667
0.504159939142348,0.281778773254126,691,691,0.00238142380330345,0.0543684607766418
0.501788642591269,0.281826527790861,692,692,0.00237177735652793,0.0519967165366803
0.507134164477412,0.281206312535483,693,693,0.00538138190414297,0.0573583713392163
0.506086155314396,0.282470472336632,694,694,0.00164207892885976,0.0562814274427506
0.511866706677481,0.281123462965019,695,695,0.00593541980894957,0.0620910460435261
0.505462189198644,0.28285853000933,696,696,0.00663538256508087,0.055654092434391
0.509908632547284,0.280871015364968,697,697,0.00487042841177368,0.0601431087612719
0.506375448240172,0.282008297284524,698,698,0.00371171139941809,0.05657817379871
0.510107487839395,0.283326414852099,699,699,0.00395797340720231,0.0602988503466465
0.500414472525395,0.282896623177799,700,700,0.00970253919140485,0.0506062458421675
0.505934175279531,0.283226325559586,701,701,0.0055295408629088,0.0561253384464158
0.505869667313747,0.281823747117119,702,702,0.00140406109728977,0.0560765731273038
0.506671534745251,0.28179778513645,703,703,0.000802287605629194,0.0568788312445532
0.504057213853529,0.281834727712534,704,704,0.00261458189369139,0.0542643788780488
0.504348661698306,0.283100798707481,705,705,0.00129918343988408,0.0545398050126127
0.507429020896591,0.280186785735518,706,706,0.00424029296054255,0.0576965055479173
0.506894316330697,0.283501499181308,707,707,0.00335756372992279,0.0570864888652456
0.4987972611652,0.279949656723814,708,708,0.00884182601027366,0.0490930878958214
0.4983096421732,0.281937436413438,709,709,0.00204671453208247,0.0485160234327804
0.495405804084299,0.280595154931105,710,710,0.00319906161621903,0.0456686841491459
0.500351732424698,0.282187483948097,711,711,0.00519593291399276,0.050552096562887
0.501180354896955,0.281190998358207,712,712,0.00129599333809539,0.051408976751679
0.502056716523498,0.28190366855255,713,713,0.00112956120081291,0.0522628005664904
0.502771266654065,0.281367794937725,714,714,0.000893164273892579,0.0529925077368366
0.505646098350334,0.279501886001782,715,715,0.00342728368232135,0.0559565468887446
0.505933507219459,0.280020292164877,716,716,0.000592746832962496,0.056212060867508
0.502938738680539,0.280760772818505,717,717,0.00308495546160798,0.0531837455960898
0.502561781449476,0.281809228634175,718,718,0.0011141617259009,0.0527700450831289
0.509159530114107,0.28083599503169,719,719,0.00666914320483848,0.0593959098053925
0.507051035494451,0.280945314087372,720,720,0.00211132664859203,0.0572847613243004
0.514774449617423,0.280410000387829,721,721,0.00774194332657167,0.0650235059265287
0.512104598891431,0.280616715195913,722,722,0.00267784127814974,0.062347380293799
0.510806418657046,0.281269617974762,723,723,0.00145311870113087,0.0610266465324555
0.512119115380051,0.282419959627192,724,724,0.00174541072642096,0.0623145600664047
0.509689570216489,0.282508359093024,725,725,0.00243115284738446,0.0598841716385392
0.511780764743855,0.280822025671524,726,726,0.00268641302851054,0.0620157551178926
0.516751116860224,0.278944225849561,727,727,0.00531324122660205,0.067074494797734
0.512121793333875,0.27949825430711,728,728,0.00466235818480138,0.0624200757662014
0.511565687336625,0.277946326525097,729,729,0.00164855504025821,0.0619760149583363
0.505038975628333,0.280680283511662,730,730,0.00707619152705285,0.0552854787141684
0.509163618735647,0.279605109544155,731,731,0.00426247343957851,0.0594607584028556
0.505552105855885,0.279964994435708,732,732,0.00362939973216632,0.0558343882239145
0.507797692547714,0.281638428973811,733,733,0.00280054329440453,0.0580086205879674
0.505933157552891,0.281891736556719,734,734,0.00188166295560034,0.0561384752029279
0.512579263346254,0.280870077032468,735,735,0.00672417358491522,0.0628119301620951
0.50963269131375,0.280423226631968,736,736,0.00298026207289923,0.0598861177399873
0.511422144290749,0.280303517987977,737,737,0.00179345256874472,0.061679179898302
0.50653807484122,0.279436952881041,738,738,0.0049603497328697,0.0568508599510404
0.509539531154306,0.280277273375031,739,739,0.0031168699895859,0.0597998990119056
0.507529290473204,0.280133258605795,740,740,0.00201539272840663,0.0577994157066152
0.509107913271646,0.2794899626343,741,741,0.00170466408617726,0.0594121431571414
0.506526551290261,0.281235962895443,742,742,0.00311639961989023,0.05675010239101
0.500040378059587,0.280789264594076,743,743,0.00650153693758293,0.0502871429278649
0.500220687632042,0.280068955797151,744,744,0.000742533706202374,0.0505061355455747
0.499059801698997,0.281420200212667,745,745,0.0017814369536997,0.0492814395343912
0.497744556182905,0.280611867596772,746,746,0.00154378508398029,0.0480030519903815
0.499907776949757,0.281716638732212,747,747,0.00242900048329381,0.0501195191616734
0.495813516393772,0.281168517021881,748,748,0.00413078768634232,0.0460474737893316
0.504227350766842,0.280458436282426,749,749,0.00844374463813356,0.0544852053895991
0.49753522864138,0.281142382027737,750,750,0.00672698151659636,0.0477687355885191
0.503402124702117,0.280167801692906,751,751,0.00594729150256919,0.0536763919284624
0.495997775599122,0.280748956823144,752,752,0.00742712103876203,0.0462514835971782
0.500372091892834,0.28142668413186,753,753,0.00442650622301739,0.050592716247513
0.500744183878298,0.281492046756391,754,754,0.000377789251212471,0.0509624189142721
0.501171853324625,0.28004318217987,755,755,0.00151066532243876,0.0514571094222959
0.497428115803083,0.281413237452645,756,756,0.00398655516463281,0.0476510526645691
0.501551695619373,0.279988351305333,757,757,0.00436282145338497,0.0518395816942054
0.497421667061537,0.278589565946396,758,758,0.00436047432843239,0.0478311038352859
0.497800037548271,0.280354376431719,759,759,0.00180491558648518,0.0480727655624579
0.501999308343255,0.278216764341832,760,760,0.00471203360094528,0.0524234707649853
0.505193265812866,0.277258569770128,761,761,0.00333459160241948,0.055697308089908
0.503499586950923,0.278850596031794,762,762,0.00232445600199824,0.0538629188023054
0.504526601411766,0.278953309755608,763,763,0.00103213798100787,0.0548787525329406
0.495341425082105,0.280220276264928,764,764,0.00927214475419207,0.0456269788607885
0.494479268782516,0.278942703559251,765,765,0.00154126749891488,0.0448684896515701
0.491153045097877,0.279494740001206,766,766,0.00337172184996027,0.0415058129995271
0.497853200054512,0.28070527162338,767,767,0.00680863152558638,0.0481066981364217
0.500692913638289,0.280539094609021,768,768,0.00284457167917842,0.0509511938576614
0.500521636377431,0.28101319414949,769,769,0.000504089549940583,0.0507579345606702
0.500975874269165,0.281689716889489,770,770,0.000814871204560415,0.051187949345935
0.506493477324502,0.280188325097464,771,771,0.00571822706696933,0.0567621402077245
0.49789130080939,0.280274012841078,772,772,0.00860260327962121,0.0481686128831579
0.497273341159044,0.281157071206577,773,773,0.00107780620073053,0.047506461951177
0.494779311976597,0.282645249147684,774,774,0.00290428220861785,0.044973310657462
0.498904058199162,0.281384875792006,775,775,0.00431301198656678,0.0491270524401464
0.496203200660733,0.281635848185075,776,776,0.00271249305712872,0.046419161686866
0.498352716208376,0.279516335291066,777,777,0.00301873350884568,0.0486799642723587
0.497786920653233,0.278870924827348,778,778,0.000858300225385974,0.0481688681704801
0.494008277439385,0.278943171191883,779,779,0.0037793338136162,0.0443995554893524
0.497525925126028,0.278722933728909,780,780,0.00352453540022481,0.0479223704863571
0.501674705255133,0.281156468258497,781,781,0.0048098302325928,0.0519042875497461
0.497770801906179,0.280497305520489,782,782,0.00395916113250784,0.0480354616035969
0.498866635153376,0.280324679992241,783,783,0.0011093466900234,0.0491392928410097
0.497771065332871,0.277404317457642,784,784,0.00311910092255547,0.0483056296036619
0.494816646210478,0.280078816334598,785,785,0.00398516456292576,0.0451127219345924
0.491660471958145,0.279298127839849,786,786,0.00325129365590378,0.0420288707548532
0.495936538525472,0.280179886530034,787,787,0.00436603294489722,0.0462234579012105
0.489687016485349,0.281542019552965,788,788,0.00639624359309029,0.0399107147630056
0.489588929495997,0.281752673924551,789,789,0.000232371086300978,0.0398047334708275
0.490860797627663,0.281254594841733,790,790,0.00136591775634153,0.0410958486894697
0.490012536705714,0.281544564646907,791,791,0.000896453612641784,0.0402358694862607
0.488114411828077,0.2807247347024,792,792,0.00206760711669649,0.0383825036730957
0.488621129009062,0.283033789229938,793,793,0.00236399981231988,0.0388124332864541
0.48472291624188,0.281420040692385,794,794,0.00421903390845328,0.0349570816832039
0.485354863957235,0.281175688018785,795,795,0.000677544200800606,0.0356010095507986
0.48272456107691,0.280558876525365,796,796,0.00270165683621491,0.033017849198682
0.486876731047088,0.280118533555924,797,797,0.00417545415398032,0.0371919556292238
0.487668667898259,0.279411185658579,798,798,0.00106184039484325,0.0380443769842095
0.486058540639438,0.279338785089406,799,799,0.00161175420955444,0.0364499141741385
0.480648407178043,0.277937066253025,800,800,0.00558877086364838,0.031277729133605
0.484428674280522,0.279293202765742,801,801,0.00401615806551559,0.0348344432317952
0.4809795153813,0.2782919786881,802,802,0.00359153821721756,0.0315475991770174
0.478792961415775,0.280859737500372,803,803,0.00337259596781946,0.029074766821282
0.47646789482158,0.279425259411994,804,804,0.00273197036101746,0.0269185634023343
0.475363460502112,0.281712350334172,805,805,0.00253979527764096,0.025595230135584
0.479133460442071,0.280923460088429,806,806,0.00385165514644296,0.0294093136453228
0.480335378643216,0.282196944371217,807,807,0.00175110524548063,0.0305415056911205
0.477578892799718,0.281446533682633,808,808,0.00285680422971972,0.0278224746236846
0.476693508270317,0.281688663866488,809,809,0.000917895849667734,0.0269245487118489
0.480232810836435,0.278411467800797,810,810,0.00482355436452383,0.0307914006124579
0.476710684327945,0.280477319098514,811,811,0.00408327279594369,0.0270346708757301
0.47370001886069,0.28003844920941,812,812,0.00304248473049271,0.0240934686935287
0.468741262089104,0.281385336559835,813,813,0.00513842137766883,0.0190148468291518
0.465981846840467,0.280003484471584,814,814,0.00308607966653748,0.0164770366307989
0.469439637960004,0.281516391633878,815,815,0.00377428238319152,0.019698971049583
0.464072322691621,0.280089755223096,816,816,0.00555368027876865,0.0145889504577358
0.467155452912628,0.282440380189911,817,817,0.00387700008954074,0.0173612570522113
0.466125965871727,0.279973319718203,818,818,0.00267324352397026,0.0166242645096666
0.463420569958485,0.282474133233501,819,819,0.00368418719471239,0.0136286727938166
0.46150126249528,0.281038483212575,820,820,0.00239683794214372,0.0118822828663743
0.460180975276054,0.282427147606597,821,821,0.00191612816389577,0.0103975539009339
0.464528883601514,0.280944687510676,822,822,0.00459369075391497,0.0148849266848007
0.468354996497776,0.281351097172195,823,823,0.00384763676922875,0.0186335734703047
0.464829136119316,0.280008175409133,824,824,0.00377294715972827,0.015346219124376
0.464125914871004,0.282779050650127,825,825,0.00285871819619047,0.014321950092907
0.466235574358248,0.28109611157677,826,826,0.00269869358704449,0.0165551366578684
0.472037726674484,0.28274393720144,827,827,0.00603160847453774,0.0222326321790869
0.465764943683773,0.281311821855777,828,828,0.00643418688039394,0.0160620919036411
0.467239692845086,0.28170779530982,829,829,0.00152698397670023,0.0174907307844301
0.465949524165469,0.279957364669053,830,830,0.00217452124615946,0.0164542102799349
0.47383414485556,0.280287648083202,831,831,0.00789153537407472,0.0241956857428883
0.474146923438771,0.278263975521657,832,832,0.00204770141340655,0.0248245042421229
0.475705039010015,0.280624070292574,833,833,0.00282803314355807,0.0260194779084195
0.474096766296972,0.280213457541876,834,834,0.00165986263002474,0.0244652844965868
0.478558068559925,0.281847420291713,835,835,0.00475111062271577,0.0287788767350807
0.475921915662103,0.281236326464321,836,836,0.00270605575821584,0.0261833783890581
0.47677915493102,0.283474237926179,837,837,0.00239647801477356,0.0269721688993704
0.478118139986405,0.280950374064098,838,838,0.00285705613750656,0.0283949213407957
0.479279671580548,0.282976111200835,839,839,0.00233511596957115,0.0294713276101906
0.476155781477479,0.281660601229114,840,840,0.003389580484625,0.0263892090923731
0.474096502075806,0.283293012769917,841,841,0.00262781260608505,0.0242880148990774
0.474409381980748,0.280272364852447,842,842,0.00303680879810209,0.0247687385646876
0.474683718888914,0.28171030485122,843,843,0.00146387573900714,0.0249167160401358
0.468723099153987,0.282596010603056,844,844,0.00602606524219851,0.0189224554528163
0.472089006599491,0.282419041937572,845,845,0.00337055645854797,0.0222922540744302
0.464784103174055,0.279825745777357,846,846,0.007751567520801,0.0153406926089596
0.47089314013206,0.28195630763525,847,847,0.00646990157456689,0.0211182672996363
0.468481250701611,0.281856578999204,848,848,0.00241395037760934,0.0187174126200387
0.465959643576811,0.281952304067571,849,849,0.00252342342474529,0.01619543117303
0.461291426626351,0.281166462123921,850,850,0.00473389871638235,0.0116533480600594
0.468207974945723,0.281538167475178,851,851,0.0069265291107714,0.0184699388921086
0.463003687875191,0.28016228478027,852,852,0.00538308992147252,0.0135297949683944
0.464845839607785,0.281169270368954,853,853,0.00209941491414088,0.0151674196869887
0.465211215270406,0.280134225341017,854,854,0.00109764182896433,0.0156956367990538
0.468359879812612,0.280114634688954,855,855,0.00314872548708043,0.0187983875475116
0.469004963874442,0.279569754363811,856,856,0.000844409862304109,0.0195278998667176
0.474364938849982,0.280420594336311,857,857,0.00542708581074759,0.0247077582849765
0.472512344203751,0.280153762322832,858,858,0.00187171211639488,0.022900888615982
0.47184757152327,0.281246763370084,859,859,0.00127928652224887,0.0221210915893476
0.467015741767434,0.282215525529115,860,860,0.004927989337463,0.0172324515794943
0.471251679173717,0.281536583955704,861,861,0.00429000318998177,0.0215037365858804
0.467344664174048,0.280851686449257,862,862,0.00396659183707878,0.0176863195147574
0.469707120271851,0.282760306434497,863,863,0.00303710866814269,0.0199021385907868
0.465978074620217,0.282023959114963,864,864,0.0038010510187262,0.0162086566358952
0.466895231801471,0.283252796918905,865,865,0.0015333687239284,0.017086632411238
0.466119812758,0.28383508636593,866,866,0.000969709076525023,0.0163251287092757
0.464790262066878,0.284679904270253,867,867,0.00157525310084634,0.0150588520243673
0.4628906597999,0.284551675021729,868,868,0.00190392529078338,0.0131561921547193
0.468395377334966,0.284500741611254,869,869,0.00550495316539183,0.0186351960863476
0.469250409957548,0.282817556518188,870,870,0.00188790700067563,0.0194444440262838
0.469700318304787,0.283164514473261,871,871,0.000568152570621872,0.0198914379204169
0.477057169516024,0.281649246198855,872,872,0.00751127803291126,0.0272898235131232
0.478892534189509,0.282357250263507,873,873,0.00196718917245844,0.0290945723698803
0.474545451982282,0.283317162471521,874,874,0.00445180358545621,0.0247371047773279
0.478080554868477,0.281617776540815,875,875,0.00392235451705549,0.0283133978951095
0.471242856536107,0.28044104324511,876,876,0.00693821444852433,0.0216050289366055
0.473971299540256,0.28168612493715,877,877,0.00299910480756237,0.0242069838967241
0.474852537079668,0.281165696936733,878,878,0.00102343778730687,0.0251224872554068
0.477901826798497,0.281328702044195,879,879,0.00305364347205306,0.0281522023279573
0.484471498986912,0.279095414559123,880,880,0.00693888792633268,0.0348994546430397
0.48612814671012,0.281355927361636,881,881,0.00280257021484492,0.0363637629345962
0.482688496540836,0.280981409708658,882,882,0.00345997930043693,0.0329513379541898
0.481726725875851,0.280308415415053,883,883,0.00117385013151111,0.0320444700243946
0.479705683125401,0.279930020679786,884,884,0.00205616059071895,0.0300701676343646
0.482351430861958,0.280616157102978,885,885,0.00273326988728264,0.0326413826911868
0.479524215193075,0.280690452026974,886,886,0.00282819167916727,0.0298173067090595
0.484370674370396,0.281002523755357,887,887,0.00485649619799132,0.0346287134572264
0.478537237493805,0.279794169960419,888,888,0.00595727325937982,0.0289241972576285
0.484548659316885,0.281183265925669,889,889,0.00616982819336812,0.0347956498211514
0.475517046345322,0.279415231424558,890,890,0.00920304182676755,0.0259786585117958
0.478672612554971,0.279713508019346,891,891,0.0031696320023747,0.0290680976866076
0.479358555206968,0.281183368918306,892,892,0.00162203834237102,0.0296153323339719
0.477051848902554,0.279991353404157,893,893,0.00259649667066925,0.0274259687584924
0.470066079043573,0.280430446955448,894,894,0.00699955596230432,0.020439512216057
0.476883179014128,0.279615596701153,895,895,0.00686562691569149,0.0273045839733336
0.470877790454137,0.279568525753166,896,896,0.00600557303099495,0.0213718745859359
0.474818656485241,0.27843158900207,897,897,0.00410159118527178,0.0254517833557149
0.475599079995139,0.277640431056445,898,898,0.00111130182656548,0.0263730469155032
0.476421364658864,0.277495789216246,899,899,0.000834909174781402,0.0272074168508674
0.470674667274899,0.279363369348227,900,900,0.00604254800330554,0.021207369371111
0.47725590851651,0.279359470219613,901,901,0.00658124239665214,0.0277081278776195
0.476000511664498,0.277596652347694,902,902,0.00216415066610351,0.0267747914289864
0.47699757843504,0.276578877776345,903,903,0.00142478321965275,0.027972522991446
0.476397205591045,0.277584965674015,904,904,0.00117160591055395,0.027165363624439
0.474621559545339,0.277357484872399,905,905,0.0017901582038281,0.0254808281866117
0.47403373039806,0.27545413730556,906,906,0.00199205297785539,0.0254192164119163
0.471267237069204,0.278437275380734,907,907,0.00406848843111994,0.0219707029222287
0.470741017491851,0.277878861012983,908,908,0.000767289808155256,0.0215866874943422
0.468724151522138,0.278150679783971,909,909,0.00203510043586331,0.0195658921445571
0.464950020699176,0.276987614224296,910,910,0.00394927651158172,0.0163487836129747
0.467320822662246,0.276530290745096,911,911,0.00241450755076985,0.01872288011449
0.464117883387301,0.278698238323445,912,912,0.00386766295085994,0.014986809392762
0.457966090262613,0.277953994462756,913,913,0.00619664889864904,0.00967387024521189
0.459048533445663,0.277582240560797,914,914,0.00114450172920525,0.0107897907367384
0.460740955841257,0.277250073646648,915,915,0.00172471111319082,0.0124246021460428
0.462357360716942,0.2776054136061,916,916,0.00165500187580592,0.0137206059730616
0.46397215881849,0.278235548420206,917,917,0.00173339054823495,0.0149930992996294
0.464023614697962,0.276707382058635,918,918,0.00152903241828556,0.0156083964428481
0.464275635636693,0.278765779401239,919,919,0.0020737681098902,0.015117754981902
0.462237245480138,0.278670084164909,920,920,0.0020406351973333,0.0132126025656933
0.467882214926623,0.277469230018067,921,921,0.0057712850158115,0.0189463969527045
0.467425353296579,0.277717331900186,922,922,0.000519881806680153,0.0184364104718777
0.461230981605472,0.277222296541395,923,923,0.00621412106850569,0.0128706502412064
0.466216365261347,0.278636192348091,924,924,0.00518200265809098,0.0170182036557983
0.462529169979957,0.279518345675296,925,925,0.00379125355730871,0.0132297488561049
0.462159295642897,0.280569473316987,926,926,0.00111430531917551,0.0126180148552081
0.463225271881335,0.280209702741169,927,927,0.00112505120245202,0.0137357365902885
0.465306875562741,0.279796150930048,928,928,0.00212228626413235,0.0158576574276013
0.460983935381556,0.279899924855358,929,929,0.00432418556929269,0.0116392913211023
0.459460377210928,0.281255877520078,930,930,0.00203956787782289,0.00983644001745411
0.456899514838488,0.280313784494693,931,931,0.00272865449609504,0.0076384483267486
0.459744617177233,0.282166543992771,932,932,0.00339519146376904,0.00998471741268637
0.46302589258975,0.280345233371071,933,933,0.00375285767296179,0.0135122351717916
0.463065447004545,0.279942211640546,934,934,0.000404958105247486,0.0136401739554455
0.463598432580399,0.281201949024065,935,935,0.00136784937018025,0.0139270801574457
0.468675681340752,0.280149366626301,936,936,0.00518520825797664,0.0191046074794623
0.466375167582093,0.281581044416247,937,937,0.00270962448468514,0.0166408259179355
0.46146812127903,0.282025371666427,938,938,0.00492712189068391,0.0117137712913673
0.464833335841856,0.282228393688784,939,939,0.00337133311842938,0.0150529593607482
0.464407724612584,0.28108686951077,940,940,0.00121828665242342,0.0147445131275546
0.466028533304892,0.28062771015452,941,941,0.0016845913841325,0.0164152667853433
0.464399025650603,0.281707727845781,942,942,0.00195492542282936,0.0146616843900191
0.463266190474411,0.281095998910628,943,943,0.00128745012583776,0.0136138146352166
0.466942093929654,0.281113880249338,944,944,0.00367594694664357,0.0172542878392594
0.466144881951173,0.280340881483158,945,945,0.00111043866609126,0.0165765040824031
0.467276065340785,0.280602196239883,946,946,0.00116097427319332,0.0176526475829266
0.464881443911544,0.283229932242829,947,947,0.00355516642234295,0.0150727504186868
0.461510679359812,0.281746828297772,948,948,0.00368261469272247,0.0117861429620488
0.465845409288702,0.27936091499059,949,949,0.00494797593625956,0.0164790883343993
0.459047534040899,0.281088978734548,950,950,0.00701407956811726,0.0094667019944318
0.457067052030093,0.281056329789192,951,951,0.00198075110722081,0.00755531083135143
0.452868161828825,0.281488008856294,952,952,0.00422102188329788,0.00348366068788211
0.457652797408563,0.281140093941343,953,953,0.00479726822461884,0.00809840943817061
0.457004857579511,0.281194936292623,954,954,0.000650256645922146,0.00745797335185084
0.451069752297479,0.281722693653692,955,955,0.005958523520216,0.00190773204560727
0.449289495139938,0.281498770618204,956,956,0.00179428455736433,0.0017351422546854
0.447401976346703,0.283014758599642,957,957,0.00242093922986082,0.00241095132582624
0.443927569736335,0.283071416197696,958,958,0.00347486854105171,0.00588189799919188
0.448548694407205,0.283151893033944,959,959,0.0046218253693637,0.00126019097446782
0.440390831916871,0.281569896944154,960,960,0.00830983947133184,0.00955040253727813
0.446756127333307,0.280746534138558,961,961,0.00641832626532391,0.00388804725518147
0.441010920590308,0.281387132627194,962,962,0.00578081023243663,0.00897369556367186
0.446332793187665,0.280416987519212,963,963,0.00540957572024234,0.00442451953853094
0.444825775853381,0.279433000504217,964,964,0.00179981434917878,0.0062193106759609
0.448007658780751,0.279724066546885,965,965,0.00319516797753818,0.00387443901581568
0.445178971204337,0.281535219255638,966,966,0.00335883127581414,0.00490486278910009
0.442127339497806,0.281515783903136,967,967,0.00305169359622383,0.00785436317093216
0.442646533656708,0.28113561082459,968,968,0.000643501471862655,0.0074414091475791
0.444254166357657,0.281199441680395,969,969,0.00160889939999729,0.00588868043389483
0.442325429075673,0.281202684810021,970,970,0.00192874000860746,0.00773376320344868
0.442295339077622,0.279805291207745,971,971,0.00139771752785206,0.00822615102488666
0.434496684771308,0.279266738617608,972,972,0.007817227633997,0.0157980050639401
0.439655526838227,0.278598902855623,973,973,0.00520188966399721,0.0111284667479243
0.436861792532874,0.279625491341047,974,974,0.0029763795603572,0.0134193896909576
0.436416761549522,0.280160628323435,975,975,0.000696005866398968,0.0137226567128642
0.437489734037326,0.279401156704423,976,976,0.00131455965998793,0.0128781954242709
0.435879476587947,0.27992078707356,977,977,0.00169202386916094,0.0142998012126311
0.427628549676592,0.279065838151857,978,978,0.0082951029261394,0.0225540050494191
0.434680964257364,0.279776286280673,979,979,0.00708810891301952,0.0155004923627683
0.433205412455099,0.280424172069901,980,980,0.0016115238493582,0.0168264412306795
0.439015156713234,0.279650391812659,981,981,0.00586104634271337,0.0113482278229423
0.44042051801291,0.278384691374972,982,982,0.00189130589291818,0.0105304830951983
0.445194959240474,0.279094905577492,983,983,0.00482697557989803,0.00614551952955071
0.4411373306391,0.279065754814057,984,984,0.00405773331229358,0.00958709861191627
0.448952818355891,0.279051240813761,985,985,0.00781550119362236,0.00419146525031656
0.4475350886853,0.279399144541836,986,986,0.00145979259584417,0.00438995846801425
0.443289243439199,0.280721433294637,987,987,0.0044469820552404,0.00695879305705693
0.446142614224906,0.280770889394794,988,988,0.00285379935289273,0.00437291985567117
0.447989669984293,0.280654721424394,989,989,0.00185070526438796,0.00309155248931594
0.448007930601123,0.279041651877964,990,990,0.00161317290199969,0.00448973770853037
0.453529357953182,0.279286947905264,991,991,0.00552687345115421,0.00536644767220396
0.450800814517187,0.278595318244106,992,992,0.00281483585139663,0.00466569729986849
0.453188036045478,0.279078652729798,993,993,0.0024356598387696,0.00529433780523775
0.449240555638889,0.277825762784883,994,994,0.00414153773065898,0.00535881290399022
0.445459500747253,0.278948616535145,995,995,0.00394425869309339,0.00605023551803449
0.445648743097671,0.27880275433464,996,996,0.000238931891399954,0.00602023087241713
0.447425420917876,0.277448868785371,997,997,0.00223373905309679,0.00618332014754183
0.446050317894576,0.277278066709548,998,998,0.0013856701172338,0.00697549702779963
0.44804010839803,0.27889386372845,999,999,0.00256321404762172,0.00461306158912548
0.444306625368996,0.278243767224527,1000,1000,0.00378965974626908,0.0073748692928371
0.442171800368908,0.278100888434204,1001,1001,0.00213960092767979,0.00915764929980336
0.443165639903347,0.277083846134352,1002,1002,0.0014220028339995,0.00899909657226912
0.441753570710351,0.278494860197514,1003,1003,0.00199622145370918,0.00930585483762202
0.436421246831394,0.277437053335213,1004,1004,0.00543623337505113,0.0145573460366299
0.440355409921335,0.278663744857249,1005,1005,0.00412097213148611,0.0104658358237267
0.436827155480786,0.277157734662883,1006,1006,0.0038362281088048,0.0142998142362202
0.439474903665068,0.277856311871064,1007,1007,0.00273835362273742,0.0116129399522424
0.437642407592639,0.277521628407705,1008,1008,0.00186280833048213,0.0134071143843122
0.445282968562299,0.279510444444871,1009,1009,0.00789516061652805,0.00581050557501136
0.439993939011375,0.279691445128037,1010,1010,0.0052921257390449,0.0104079229430288
0.445324346913896,0.280995302409074,1011,1011,0.00548755794653457,0.00497720460170438
0.439503815700254,0.279106884568979,1012,1012,0.00611920791833155,0.0110714234387127
0.446989209359857,0.279775270246169,1013,1013,0.00751517515781871,0.0044009957331044
0.439516930656489,0.280214369695433,1014,1014,0.00748516915955416,0.0107036343273316
0.444104025662848,0.281669565354814,1015,1015,0.00481238350554479,0.00589491247204958
0.438892270425546,0.280930924465259,1016,1016,0.00526383729015926,0.0111407390529503
0.444602820686669,0.280443262241167,1017,1017,0.00573133481220758,0.00586967637950702
0.437581194762579,0.280302789712281,1018,1018,0.00702303090903251,0.0125557865375366
0.442247395856048,0.279957685442405,1019,1019,0.0046789453514416,0.00820943205393078
0.436404868080056,0.278380320427686,1020,1020,0.00605171142759606,0.0142288090818092
0.435619005871304,0.279110735314432,1021,1021,0.00107288644223201,0.0147547775638319
0.428159042661167,0.278976742126566,1022,1022,0.00746116648192437,0.0220492181992609
0.429840468115053,0.279182827487563,1023,1023,0.00169400789047575,0.0203595336792918
0.428814559863614,0.277936528217266,1024,1024,0.00161423344393303,0.0216330142265559
0.432956026540197,0.27888459080406,1025,1025,0.00424859610950789,0.0173853284196162
0.430181418985827,0.278149775285709,1026,1026,0.00287026147359093,0.0202554473326602
0.430520984877392,0.278044107171633,1027,1027,0.000355627255770453,0.0199533864661942
0.428307810884182,0.278235145573668,1028,1028,0.00222140378933488,0.0220566250496031
0.427254174997887,0.277607923374687,1029,1029,0.00122619585213091,0.023226660114385
0.424907936824916,0.27778929289956,1030,1030,0.00235323786916203,0.0254723574765365
0.427497331298099,0.277628912809568,1031,1031,0.0025943564733891,0.0229855570750551
0.428743252935889,0.276575695646035,1032,1032,0.00163143713365704,0.0220689716398408
0.429154016590843,0.276311396956848,1033,1033,0.000488447108023342,0.0217588961293748
0.42294928080928,0.277620228445148,1034,1034,0.00634127636866371,0.0274237993294568
0.426215673269101,0.276186074672626,1035,1035,0.00356736832200081,0.0246007409493574
0.423571312336762,0.275425972852553,1036,1036,0.00275143590100799,0.0273521111027344
0.424455011268633,0.275691493420478,1037,1037,0.000922726922865797,0.0264293982597267
0.425051433669049,0.275999224426052,1038,1038,0.000671131918112554,0.0257706649012751
0.426085985787359,0.27508520038575,1039,1039,0.00138048470898809,0.0250576751581339
0.424134150171238,0.276109210263517,1040,1040,0.0022041457533755,0.0266237853997505
0.424825175796965,0.276324255810802,1041,1041,0.000723713342988178,0.0259004992231703
0.424415620702592,0.275162664761659,1042,1042,0.00123167736878407,0.0266211355712687
0.423571940346031,0.275933988501705,1043,1043,0.00114312591432756,0.0272123286489691
0.423247372739261,0.276023809153699,1044,1044,0.000336766804909255,0.0275019724736788
0.425447469589954,0.277622709442504,1045,1045,0.00271972577403913,0.0249815441698786
0.428219974640878,0.275802080602127,1046,1046,0.00331684694127009,0.0228065096206232
0.428251784422378,0.278486935966362,1047,1047,0.00268504379648841,0.0220565927855346
0.426160811673403,0.277320592073602,1048,1048,0.00239426922319398,0.0243570123315255
0.425075284294328,0.27727725252601,1049,1049,0.00108639219764637,0.0254222583698552
0.422498530638607,0.276881717688148,1050,1050,0.00260693444686138,0.0280214436800627
0.427729479582821,0.277231350226305,1051,1051,0.00524262050588417,0.0228600529961282
0.424346987796694,0.276266883227335,1052,1052,0.00351730682132219,0.0263769853100789
0.428015328705884,0.276569398567417,1053,1053,0.00368079346840088,0.0227666563264889
0.424933795634609,0.274949649191612,1054,1054,0.00348129776229828,0.0261932652486103
0.428284176743832,0.275609226417535,1055,1055,0.00341468822793393,0.02280881238266
0.427876355911535,0.275447979329898,1056,1056,0.000438541280299575,0.023247020186356
0.429728458859841,0.27581883322447,1057,1057,0.00188886684079189,0.0213783369697664
0.426047464465024,0.276305649733599,1058,1058,0.0037130459259522,0.0247287232603166
0.42889594683011,0.276338838476062,1059,1059,0.00284867570580251,0.021995502822401
0.430250069675446,0.276432348911745,1060,1060,0.00135734773799566,0.0206816953974781
0.432721771089793,0.278365458614614,1061,1061,0.0031378688635778,0.0177455038712258
0.433009399400662,0.276943500113104,1062,1062,0.00145075705244839,0.0179108165420288
0.438245899606078,0.276028110018527,1063,1063,0.00531590758258379,0.0135825598351375
0.433481812679149,0.275771631835899,1064,1064,0.00477098577921757,0.0179186440564939
0.433312217668338,0.275888758199319,1065,1065,0.000206109322205496,0.0180257827154914
0.426871382841654,0.275799947614383,1066,1066,0.00644144708777623,0.0240876773384624
0.431689434172662,0.27720584570577,1067,1067,0.00501898078015708,0.0190708985340806
0.430241444569221,0.275489551428132,1068,1068,0.00224551551745392,0.0210150859584956
0.433141086210063,0.276890584569737,1069,1069,0.00322037505722245,0.0178059049548068
0.426928330104211,0.275662238398972,1070,1070,0.00633302240214256,0.0240759525178868
0.428709845277604,0.277730658882396,1071,1071,0.00272986439393588,0.0217849915315944
0.422930427406606,0.275916489976001,1072,1072,0.0060574647954845,0.0278359128360752
0.42739568846724,0.275043696830792,1073,1073,0.00454976089634812,0.0238355625277949
0.42726746745664,0.275553549865529,1074,1074,0.000525728774739885,0.0237883927737284
0.427604729553035,0.275286517854998,1075,1075,0.000430176494375808,0.0235568942828666
0.424305820633009,0.276325558832807,1076,1076,0.00345867116335054,0.0264014890988814
0.427390640595812,0.27609076989307,1077,1077,0.00309374207863709,0.023504718802017
0.431251983147995,0.275118770140371,1078,1078,0.00398180233368547,0.0202219962526234
0.429524556652949,0.276266347176616,1079,1079,0.00207386965595774,0.0214219169689264
0.422119400839326,0.274670647687556,1080,1080,0.00757512966776263,0.0289599842320998
0.42374992587901,0.277161074935178,1081,1081,0.00297671627481208,0.0267392713809407
0.421910574342798,0.274459335210913,1082,1082,0.00326842647331005,0.0292218919491358
0.424225063456377,0.275513220583593,1083,1083,0.00254313472620443,0.0267005380982697
0.418825061202352,0.274264035713412,1084,1084,0.00554260653333532,0.0322340652655494
0.423972603180632,0.275879566904157,1085,1085,0.00539510235736284,0.0268409365504854
0.415239570867278,0.275289516028915,1086,1086,0.00875294312911104,0.0354526869149736
0.420837931097102,0.276267102237621,1087,1087,0.00568307241360916,0.029778352605791
0.419759316956637,0.273992430309701,1088,1088,0.00251744728717017,0.0314152392323426
0.421827829421762,0.276665435633733,1089,1089,0.00337989663757407,0.0287236037817391
0.422237981908233,0.27559630176958,1090,1090,0.00114510797815668,0.0285880872555134
0.427236072324203,0.275783525867024,1091,1091,0.005001595812226,0.0237457550297954
0.422028224482891,0.274299737746225,1092,1092,0.00541509984448011,0.0291576612218101
0.42673349640217,0.275564014136378,1093,1093,0.00487216364924851,0.0242917006082293
0.420733500162986,0.274707675022909,1094,1094,0.00606079792993305,0.0302774547219118
0.427777133893526,0.275593905597026,1095,1095,0.00709916761039598,0.023292881774658
0.423967979615835,0.273958293775304,1096,1096,0.00414546527456235,0.027428448779193
0.426960048538131,0.275399281138908,1097,1097,0.00332098193578873,0.0241290361135737
0.419919586004874,0.275047846726343,1098,1098,0.0070492282434697,0.0309691060070391
0.429555002484141,0.275233188634575,1099,1099,0.00963719888514712,0.0217477476784229
0.424191739295002,0.273534546506511,1100,1100,0.00562583123771181,0.0273638217090993
0.424700003021529,0.274545813977553,1101,1101,0.00113181001660588,0.0265436019916542
0.421718289223969,0.273806293374584,1102,1102,0.00307205271647056,0.0296051969591678
0.426531057191661,0.274052304755352,1103,1103,0.00481905147412912,0.0249940886224637
0.420983599244822,0.273152261656678,1104,1104,0.00561999708642349,0.0305112901245635
0.428113160456759,0.275203717555308,1105,1105,0.00741883510928608,0.0231066438249266
0.42295819592952,0.273482429691901,1106,1106,0.00543474849333485,0.0285395428589249
0.434593652478772,0.275900626533279,1107,1107,0.0118840870525747,0.0168558534385102
0.425926598722255,0.274309249476561,1108,1108,0.00881194086197795,0.0254676140971455
0.428618798560291,0.275412157414577,1109,1109,0.00290935489201,0.0225601701906609
0.425250595318243,0.273379132592309,1110,1110,0.00393420678252957,0.0264322613117482
0.433612596062883,0.27521362630438,1111,1111,0.00856086582262437,0.0180381501108578
0.430703585590892,0.275166319046566,1112,1112,0.00290939510943299,0.0207079956510694
0.433891882774601,0.273523031557073,1113,1113,0.00358686948532715,0.0186041194168066
0.426587861770181,0.273468325325052,1114,1114,0.00730422587307076,0.0251601861917184
0.42877365396064,0.274994934040934,1115,1115,0.00266612484165302,0.0225622912612611
0.426296690478883,0.274374198265419,1116,1116,0.00255355849609162,0.0250980940191054
0.430623237343262,0.275085170472928,1117,1117,0.00438457401003929,0.0208134743462898
0.425118077954071,0.274015160395341,1118,1118,0.00560818165420202,0.0263279453190349
0.434139366789067,0.273722476852324,1119,1119,0.00902603544756905,0.0182891781142379
0.424213912785888,0.274591971814305,1120,1120,0.00996346619696853,0.0269891993318595
0.434705276315697,0.275776492270916,1121,1121,0.0105580205259668,0.0168092763565481
0.433795148937161,0.273842714856412,1122,1122,0.00213724751351056,0.0185242083108947
0.434448308145569,0.274499666744374,1123,1123,0.000926392322197271,0.0176309631985986
0.431773801747001,0.274203585480559,1124,1124,0.0026908453301455,0.0201340608046915
0.437216391775653,0.274412694846021,1125,1125,0.00544660563532104,0.0153292997882276
0.431486838599687,0.273670252601308,1126,1126,0.00577745619481114,0.0206311774136934
0.425910938660843,0.275609874403893,1127,1127,0.00590362540013011,0.0250605448578921
0.427123864928869,0.275806534223693,1128,1128,0.00122876572884825,0.0238453453137412
0.427531167009964,0.275879957663714,1129,1129,0.000413867112499748,0.0234353038096061
0.424782706368312,0.274856502094709,1130,1130,0.00293283091916978,0.0263659601553228
0.430588914360518,0.275010119492654,1131,1131,0.00580823979822629,0.0208742842380718
0.422450954559184,0.27410880264226,1132,1132,0.008187720182867,0.0288145490867386
0.426152308253808,0.275571673298609,1133,1133,0.00397995097079262,0.024842112790169
0.427255947186546,0.275176285469234,1134,1134,0.00117232692943302,0.023922468173913
0.431522162324339,0.275587695100418,1135,1135,0.00428600623967803,0.0197903631281393
0.430064574931861,0.275199909937695,1136,1136,0.00150828987238436,0.0212864011474345
0.431579343717133,0.274076101816738,1137,1137,0.0018861254373881,0.0203649393970978
0.429988311586853,0.274550050275325,1138,1138,0.00166012360412688,0.0216076163782584
0.434379040410754,0.273411576194828,1139,1139,0.0045359257971219,0.0182483356149031
0.43166264747133,0.272799019922403,1140,1140,0.00278460334486618,0.0208930322861274
0.435231117018803,0.275202129283823,1141,1141,0.00430219821883956,0.0166056957557303
0.434442518467823,0.274712508141041,1142,1142,0.00092823301927169,0.0175325386805023
0.436650416317462,0.275814024459837,1143,1143,0.0024674179044124,0.0150673712494426
0.429586393524057,0.273899819028291,1144,1144,0.00731878408343278,0.0222395029034759
0.432802315855036,0.273713013592641,1145,1145,0.00322134330826092,0.0194515353111731
0.433432110637173,0.273178676441454,1146,1146,0.000825928361751945,0.0191758391357983
0.441566300966257,0.275046922846168,1147,1147,0.00834598088534192,0.0115615998553815
0.440442901106754,0.273683082098274,1148,1148,0.00176694335787775,0.0133201576479338
0.44157893726471,0.274462078560017,1149,1149,0.00137746638419692,0.0119702820079053
0.433611794682892,0.273059115484228,1150,1150,0.00808972597255619,0.0190855835995011
0.442497218871473,0.273342293985607,1151,1151,0.00888993549327901,0.0122367048404103
0.439914010854679,0.273323989895064,1152,1152,0.00258327286552533,0.0139479225830746
0.448952677170116,0.27156293633899,1153,1153,0.00920862630304731,0.011622996251049
0.446318576334242,0.274301739901924,1154,1154,0.00379993844290835,0.00951582940501741
0.447445067257934,0.275537921677228,1155,1155,0.00167246141442908,0.00797481407743022
0.443633369763387,0.275339546179653,1156,1156,0.00381685611832258,0.0099603302183491
0.449356420814206,0.277183223304616,1157,1157,0.00601269146650664,0.00598824838146188
0.442517220330258,0.275848522821281,1158,1158,0.00696821990467118,0.0103219914331282
0.448128902608588,0.273729335213746,1159,1159,0.00599849432014778,0.00957357326683384
0.440209908435438,0.27547452058089,1160,1160,0.00810901601182681,0.0122930934701571
0.442275255818904,0.275857727219044,1161,1161,0.00210059685373291,0.0104879118191673
0.440638010500764,0.274733662415257,1162,1162,0.00198597429864587,0.0124504193333072
0.443740156024759,0.274806041282184,1163,1163,0.00310298977639646,0.0103210350709553
0.437842533193728,0.274535876361875,1164,1164,0.00590380759690431,0.0147469209197649
0.443255505630534,0.2742787152565,1165,1165,0.00541907763699153,0.011032846875657
0.439278641868429,0.275494286440952,1166,1166,0.00415849235743201,0.0130216207250368
0.44193203057005,0.275259729379797,1167,1167,0.00266373583841006,0.0111521251343952
0.439192589917183,0.276504448440004,1168,1168,0.00300896338120341,0.0125270474034115
0.441380708487798,0.27652262810764,1169,1169,0.00218819409088498,0.010724453734096
0.438733990129181,0.27770808112933,1170,1170,0.00290007188470794,0.0123416018070695
0.438305791586108,0.276867968026708,1171,1171,0.000942944334246627,0.0131087663350462
0.43869933497919,0.278189273146568,1172,1172,0.00137866733551125,0.0121685693654141
0.443917043400763,0.276591557731745,1173,1173,0.00545684668277521,0.00881952736033671
0.442447901627639,0.277525092359547,1174,1174,0.00174065058263934,0.00926674852677047
0.443528424791067,0.276842584975396,1175,1175,0.00127802450529157,0.0089040764749178
0.444501522304861,0.278553063147385,1176,1176,0.00196790608215976,0.00702424023653716
0.446440691338309,0.276797826064046,1177,1177,0.00261557522526341,0.00719375818945047
0.442112080042181,0.278439308820688,1178,1178,0.00462939967958219,0.00902620753479713
0.446376042395422,0.279379065199259,1179,1179,0.00436629327930662,0.00510266565350799
0.443761960045757,0.27808796640469,1180,1180,0.00291553813697696,0.00788882474731081
0.449829340840669,0.278011946128281,1181,1181,0.00606785701816426,0.00514244813670109
0.448508794499284,0.277804912882416,1182,1182,0.00133667700086351,0.00550515628707961
0.455446722817194,0.27667905020974,1183,1183,0.00702868523282784,0.00858573186541675
0.449130326888798,0.279898287052106,1184,1184,0.00708945296701405,0.00332601977573918
0.449906661735742,0.279315189976186,1185,1185,0.000970926358962095,0.0038404085457957
0.451186400139962,0.279040531936615,1186,1186,0.00130888021680197,0.00433832709380814
0.448019763008603,0.279959432194832,1187,1187,0.00329726680847157,0.00366175816720723
0.44943875342252,0.277528353013548,1188,1188,0.00281490315649707,0.00563816265904117
0.444929706882018,0.277350282796873,1189,1189,0.0045125613244015,0.00758245322771535
0.44735615143815,0.278878514066454,1190,1190,0.00286759899520644,0.00492937069910581
0.447654962513323,0.277703784715747,1191,1191,0.00121213741220151,0.00586072301246342
0.444835167022088,0.278696864417957,1192,1192,0.00298955747684071,0.00667885169633942
0.447269160282763,0.278970620856683,1193,1193,0.00244933986632232,0.00489426305051867
0.443357338022227,0.279322267500816,1194,1194,0.00392759579900345,0.00750382009322079
0.44708239903792,0.279404063801817,1195,1195,0.0037259589645477,0.00463663542263283
0.442937224591698,0.279455720917804,1196,1196,0.00414549630891775,0.00780381781618521
0.444335323348319,0.277678091993313,1197,1197,0.00226155803075014,0.00774269306585862
0.445199224105581,0.279928059288899,1198,1198,0.00241011977909913,0.0056265379883126
0.443256523885654,0.278588179999366,1199,1199,0.00235994929077375,0.00798644794564569
0.444655268860983,0.276700017667924,1200,1200,0.00234981797079804,0.008259430394554
0.447160817084692,0.278087083933667,1201,1201,0.00286386534719972,0.00571747099411243
0.444129218505918,0.279129612039017,1202,1202,0.00320584696972171,0.00696111578257117
0.451548116589122,0.2788381669848,1203,1203,0.00742462046091251,0.00465342886503722
0.445499585734944,0.27752649479931,1204,1204,0.00618912024573218,0.00708821818970596
0.449440651079904,0.277303711413682,1205,1205,0.00394735715259735,0.00586221872618284
0.442515508890508,0.277729650780232,1206,1206,0.00693822878603295,0.00908959327907609
0.447623795624858,0.278228922589708,1207,1207,0.00513262756296172,0.00538836497524553
0.441728216621863,0.278329466982532,1208,1208,0.00589643629283734,0.00941151950447492
0.450531763799662,0.278786432405841,1209,1209,0.00881539904427732,0.00442733463741084
0.451035470034955,0.27928723194425,1210,1210,0.000710295818052806,0.00405698724256116
0.448272847286211,0.281385093392201,1211,1211,0.00346887692296431,0.00234300815921407
0.442195177947392,0.280657024725434,1212,1212,0.0061211231465768,0.00801281197105052
0.443197569601624,0.279705470738127,1213,1213,0.00138211577634942,0.00745682622710443
0.439299295361881,0.280499927620326,1214,1214,0.00397840467850058,0.0108396221809217
0.445211356661274,0.280403963192963,1215,1215,0.0059128400941595,0.00535741500007045
0.442244071625769,0.279461233821757,1216,1216,0.0031134416887533,0.00841816513891942
0.446391863737722,0.279464367457638,1217,1217,0.0041477932956757,0.00502911702203843
0.445721918683873,0.279486008650479,1218,1218,0.000670294499756969,0.00549181496552436
0.448541671112438,0.279042436435274,1219,1219,0.00285442815087374,0.00430275358966258
0.448601350988773,0.279098334746175,1220,1220,8.17698526408563e-05,0.00423195253070369
0.451636777285929,0.280425252598926,1221,1221,0.00331278188135273,0.00328469020078135
0.445189788497212,0.282013885377427,1222,1222,0.00663983573191177,0.00475780427708618
0.448017012042316,0.282182716854546,1223,1223,0.00283226005897291,0.00203835212020195
0.442240762289678,0.281988514160026,1224,1224,0.00577951346493858,0.00765739069856472
0.452124550433262,0.281487650465781,1225,1225,0.00989647070967497,0.00285310620194528
0.450937690689992,0.281039582891472,1226,1226,0.00126862153589651,0.00239717789854606
0.452356446996397,0.281714725844747,1227,1227,0.00157120573583442,0.00292619384392823
0.453482738920374,0.281805264491285,1228,1228,0.00112992510571868,0.0039137269732191
0.453886995585294,0.281246596150078,1229,1229,0.000689589563869919,0.00450228173318843
0.452365176142381,0.280344365829975,1230,1230,0.00176916759164939,0.00379877162293242
0.455799814581191,0.280719236878675,1231,1231,0.0034550353845524,0.0064669200369526
0.448770563004844,0.280188455572949,1232,1232,0.00704926283508355,0.00314239706420723
0.453215405900907,0.27885571846479,1233,1233,0.00464034660021761,0.00548476637573862
0.45050143083909,0.280150981410064,1234,1234,0.00300721910301991,0.00308218540637939
0.454683343670097,0.28042326209949,1235,1235,0.00419076743568288,0.00558741690349427
0.450260446862331,0.278650863302215,1236,1236,0.00476480992996905,0.00452607275106839
0.454490007939612,0.278309984406089,1237,1237,0.00424327530667969,0.00673653052429914
0.445504487702269,0.27912138710093,1238,1238,0.00902208114954146,0.00589852839764591
0.450109896573282,0.279265447809653,1239,1239,0.00460766148463672,0.00390053806673242
0.449322232292871,0.278301253352971,1240,1240,0.00124502448527402,0.00487743894111498
0.447262655556294,0.279564940818295,1241,1241,0.00241635310827399,0.00440081333455418
0.450067926901602,0.280305362828912,1242,1242,0.00290133970341483,0.00286074326116358
0.44893595111139,0.281056409419479,1243,1243,0.00135846979017949,0.00227230713427616
0.445751661998202,0.282209083237341,1244,1244,0.00338649584183268,0.00416588263116429
0.453326925986176,0.279353308651154,1245,1245,0.00809568236621258,0.00517924406499364
0.451424376556546,0.281944097215506,1246,1246,0.00321432414628026,0.00201854897020435
0.450290371687406,0.281691230048702,1247,1247,0.00116185577731582,0.00154031224739177
0.451130023352219,0.279888727396138,1248,1248,0.00198847447323946,0.00352274412966426
0.451451283346213,0.280854281925638,1249,1249,0.00101759694043311,0.00282627113731433
0.451816365886132,0.281775707723639,1250,1250,0.000991115917628271,0.0024352929997621
0.454292947410735,0.280832256740152,1251,1251,0.00265019920123937,0.00504965023722005
0.452280375116668,0.283419928604053,1252,1252,0.00327818439293307,0.00248571991213686
0.452585833088425,0.281923608478266,1253,1253,0.0015271799145301,0.00303746364460095
0.448883350806692,0.280594160088087,1254,1254,0.00393393035890347,0.00272235201191275
0.451369890435992,0.279688064991091,1255,1255,0.00264648590642045,0.00380156557268406
0.448801034504599,0.281286857352757,1256,1256,0.00302574913235987,0.00212209817784192
0.450350992725564,0.280956094316724,1257,1257,0.00158485793456117,0.0022641172074335
0.452349214523187,0.280317373324673,1258,1258,0.00209782145526824,0.00380811518652485
0.457158548795586,0.279794449590431,1259,1259,0.00483767975123434,0.00808124633772326
0.451399980502956,0.281067540463478,1260,1260,0.00589761554799185,0.00262419135693321
0.459870288020769,0.279289857873436,1261,1261,0.00865484054372214,0.01077804241992
0.460655434811005,0.281119015609932,1262,1262,0.0019905460324242,0.0110358636839676
0.461028431451574,0.281853098764491,1263,1263,0.000823410330080659,0.0112947568362211
0.458719731132692,0.28153565164524,1264,1264,0.00233042267323466,0.00905667768749227
0.458336273725405,0.282876933674841,1265,1265,0.001395018661572,0.00853190217545868
0.458373270148101,0.283000919332599,1266,1266,0.000129387706611002,0.00856576147452644
0.459385096002451,0.28355571759368,1267,1267,0.00115394656290055,0.00958462043786724
0.458353922618265,0.283333412849805,1268,1268,0.00105486394734285,0.0085469155051499
0.461561790002782,0.281094780049277,1269,1269,0.00391176302608572,0.0119320017847409
0.455092364209961,0.281447216256745,1270,1270,0.00647901854983896,0.00555243115439588
0.455538263740904,0.280259056543475,1271,1271,0.00126907442489971,0.00641938850595676
0.452539863226674,0.27961240576115,1272,1272,0.00306733807690245,0.0044725437284749
0.456786963311742,0.281232914427287,1273,1273,0.00454575708431608,0.0072377851244904
0.449443505745909,0.27925192334879,1274,1274,0.00760596441447555,0.00391949769331333
0.452352767912827,0.279122225613259,1275,1275,0.00291215175745782,0.00476753672532513
0.446302918572755,0.279169076341107,1276,1276,0.00605003074606037,0.00530793943322517
0.450736917347333,0.28011869652936,1277,1277,0.00453454778725531,0.00317434425775632
0.452542516780453,0.280293063675428,1278,1278,0.00181399923222381,0.00395723813134456
0.456991572070405,0.279116740584631,1279,1279,0.00460193752532541,0.00823974157419501
0.450866739457184,0.278917730600836,1280,1280,0.00612806490775254,0.00436669606509118
0.457676138671784,0.279022928441526,1281,1281,0.00681021176245498,0.00888607819757952
0.452695651753693,0.279440484662301,1282,1282,0.00499795989767692,0.00470385546460145
0.456365765534469,0.278745872362838,1283,1283,0.00373526724752187,0.00790110216414178
0.448396334713142,0.278350031069871,1284,1284,0.00797925547561503,0.00500767484037694
0.451065274110047,0.280065601599901,1285,1285,0.00317276216377071,0.00333450257404949
0.44603634515588,0.280309520566508,1286,1286,0.00503484090000155,0.00472494618580366
0.451228696954118,0.281177967236153,1287,1287,0.00526447687948946,0.00243351077044482
0.449248939729072,0.280044767889479,1288,1288,0.00228113555700292,0.00315959800593497
0.454083516811428,0.280941493506184,1289,1289,0.00491703695297273,0.0048134440961064
0.45229849771088,0.280602561153009,1290,1290,0.00181691175607216,0.00356508429896659
0.456226508202453,0.28206047513683,1291,1291,0.00418984243213623,0.00651018306439503
0.453296436478405,0.28054682529654,1292,1292,0.00329794726262795,0.00435456462959505
0.45390995829014,0.28089302493612,1293,1293,0.000704459511910042,0.00468320679677749
0.456366994702605,0.280456668017912,1294,1294,0.00249548297775118,0.00709128597077827
0.463221936693192,0.280429940664455,1295,1295,0.00685499409523662,0.0136869439837494
0.4601119613059,0.279103808574268,1296,1296,0.00338091307640214,0.0110706972578678
0.468099169922651,0.279580340859061,1297,1297,0.00800141140711797,0.018636205711764
0.462310252802223,0.280444373922373,1298,1298,0.00585304318809278,0.0127917253387925
0.465792030114675,0.279040950796909,1299,1299,0.00375398051707737,0.0165039714835828
0.462494281677895,0.278750217131397,1300,1300,0.00331053935432778,0.0134281703117369
0.46693279582415,0.277308465129067,1301,1301,0.00466680368804329,0.0180942754149896
0.459972455154203,0.278357088533757,1302,1302,0.00703888864001837,0.0112388589809628
0.462043694240357,0.276502952364028,1303,1303,0.00277990148888518,0.0139259378360465
0.462027030477506,0.274927600229771,1304,1304,0.00157544026478359,0.0147296503295674
0.465596155828317,0.277328797745027,1305,1305,0.00430167470609747,0.0168278068889394
0.464800395817152,0.277427183847721,1306,1306,0.000801819069723757,0.0160482376044094
0.466938416442912,0.276725804724383,1307,1307,0.00225012552334995,0.0182960967683045
0.461341263579886,0.278797794744145,1308,1308,0.00596835511796004,0.0123278305929795
0.466253392174811,0.276971351840758,1309,1309,0.00524069661518549,0.0175684772555341
0.466125226369011,0.278175073048394,1310,1310,0.00121052518333527,0.0170591997506575
0.465586924929081,0.279531771321,1311,1311,0.00145958851842652,0.0161885672597793
0.461576173100374,0.278230976606522,1312,1312,0.00421641994121715,0.0127557342998822
0.46350910771374,0.277916372327356,1313,1313,0.00195836974854572,0.0146673994042478
0.455194665049809,0.279223845579774,1314,1314,0.00841661708274694,0.00666749890012746
0.459604158500511,0.277369490838496,1315,1315,0.00478354094769595,0.0113759421312676
0.458468685849381,0.278003659486815,1316,1316,0.0013005644989675,0.0100758044493113
0.457026672975162,0.279350779600696,1317,1317,0.00197335595639418,0.00815865597840152
0.457987596218081,0.278820300811147,1318,1318,0.00109762526617418,0.00925609872298643
0.454870917672045,0.278895717336641,1319,1319,0.00311759086662127,0.006615147603107
0.453360898282998,0.278866196575122,1320,1320,0.00151030792577509,0.00556822261979231
0.454195274807974,0.279181771296068,1321,1321,0.000892060306219701,0.00591792558329621
0.451016325694336,0.278647285917922,1322,1322,0.0032235682227233,0.00466600222306047
0.456096327747172,0.278600614290424,1323,1323,0.00508021644200552,0.00776327914917783
0.454185310291223,0.277913827201433,1324,1324,0.00203068072885566,0.00682760812087408
0.454757609023151,0.279225176124096,1325,1325,0.00143079063301918,0.00631888636309192
0.450304760345064,0.278353249841847,1326,1326,0.00453741300650683,0.00482664390512215
0.453508390408096,0.279807719601266,1327,1327,0.00351834163517708,0.00498861846067444
0.446397223050369,0.279317673215096,1328,1328,0.00712803245294239,0.00513415422747579
0.454396714129901,0.279713975200448,1329,1329,0.00800930164216051,0.00573449195672672
0.447940860925941,0.279530037148074,1330,1330,0.0064584730237257,0.00407739818164343
0.447908138805569,0.278763707070071,1331,1331,0.00076702837340891,0.00478441272442044
0.445940437697704,0.277556954718708,1332,1332,0.00230826750776625,0.00680409750214081
0.4485465774322,0.277836007359566,1333,1333,0.00262103694977518,0.00546609748609301
0.443039695140382,0.277326913472639,1334,1334,0.00553036428833048,0.0089320189269094
0.447349052725183,0.276085651157479,1335,1335,0.00448456184355993,0.00748447183853094
0.445642742162934,0.276794738567324,1336,1336,0.00184778264134105,0.00760272532111773
0.453038014050671,0.276540797079076,1337,1337,0.00739963057003522,0.00735978375743155
0.450979517494524,0.277390762841818,1338,1338,0.00222707203958538,0.00588127224924308
0.450914053936717,0.276705621980586,1339,1339,0.000688261198333091,0.00654274728071846
0.451917203615554,0.27751843490304,1340,1340,0.00129111352136706,0.00601735782087312
0.454500933794355,0.27816655944431,1341,1341,0.00266378059491474,0.00684787785422052
0.442560801729082,0.279043048248176,1342,1342,0.0119722590332596,0.00833291745291319
0.449804800906637,0.276938859987034,1343,1343,0.00754341648875065,0.00621549492517606
0.450449036650895,0.276365630997093,1344,1344,0.00086234051806008,0.00681883794487773
0.454342761558121,0.27765570534023,1345,1345,0.00410187584697224,0.00712679362259834
0.444181329221131,0.276704497541414,1346,1346,0.0102058563293706,0.00855978995746575
0.45163256512779,0.276825530223377,1347,1347,0.00745221882708691,0.0065863359732572
0.44988666228406,0.277278941858174,1348,1348,0.00180381785397382,0.0058759265162323
0.458106689391459,0.278442580866487,1349,1349,0.00830198177473544,0.00954224257056124
0.452637765583368,0.277223504568677,1350,1350,0.00560314863613155,0.00657096238638822
0.457975096257393,0.276227262999885,1351,1351,0.00542951157907238,0.0107084836970447
0.44907888765439,0.276341713258718,1352,1352,0.00889694477727598,0.00685163930818266
0.458617366569043,0.275092694343276,1353,1353,0.0096199079130937,0.0119406755530083
0.455223081491213,0.276336577362199,1354,1354,0.00361502643895442,0.00870606788206224
0.457937762880429,0.278066680071649,1355,1355,0.00321912261807472,0.0095897398341352
0.452187567562367,0.278349320890835,1356,1356,0.00575713748563747,0.00536157434053751
0.45975745841732,0.277705799470618,1357,1357,0.00759719470424238,0.0113428786043834
0.458626156316699,0.274948030859944,1358,1358,0.00298079387963772,0.0120452497505078
0.463341602941668,0.276296293502116,1359,1359,0.00490441118027537,0.0151712721118432
0.458284461724822,0.278328677663777,1360,1360,0.00545025344985873,0.00975308069462899
0.462638899954561,0.279759407856466,1361,1361,0.00458346170278308,0.0132715858882277
0.456572531865064,0.278791322023625,1362,1362,0.0061431272147829,0.00804878814085196
0.464217424478651,0.281028262666766,1363,1363,0.00796544327167087,0.014564557345398
0.455987654523392,0.280957171872673,1364,1364,0.00823007699948758,0.00655780643276779
0.460668803189065,0.280654751375388,1365,1365,0.00469090726697015,0.0111438717731738
0.454210763054082,0.281204146148957,1366,1366,0.00648136690847532,0.0048145464150223
0.459570253104536,0.279621970844191,1367,1367,0.00558814927287428,0.0103808513355489
0.454241149248076,0.280986121247638,1368,1368,0.0055009321243005,0.00493418845265963
0.458199137091026,0.278610888982877,1369,1369,0.00461599350914892,0.00954145872104144
0.453233769433878,0.277649526757832,1370,1370,0.0050575778094264,0.00648328354124388
0.454398081787699,0.277746421328055,1371,1371,0.00116833720089709,0.00709270589077223
0.448981615499241,0.280244295280809,1372,1372,0.00596468618938608,0.00302536125787104
0.457113027256208,0.280483129541816,1373,1373,0.00813491849778332,0.00777727210737898
0.452006287201311,0.280366909145542,1374,1374,0.00510806236931382,0.00354942695979946
0.461619726332799,0.281213708462538,1375,1375,0.00965066220619515,0.0119692156866993
0.450386841252259,0.279284038480538,1376,1376,0.0113974266162164,0.00391323072028749
0.454056343399207,0.279837801363745,1377,1377,0.00371105097476111,0.00538891812564335
0.445765057428536,0.278406046954801,1378,1378,0.00841399689416257,0.0062369015396735
0.449372873114397,0.279294085746345,1379,1379,0.00371550089738007,0.00388481303106384
0.446757389433767,0.277154858931802,1380,1380,0.00337891199170736,0.00673093966654582
0.456951016557608,0.27808650896431,1381,1381,0.010236112822892,0.00875746087698022
0.448465184953084,0.276660917380138,1382,1382,0.00860474574785274,0.00663100580310363
0.452585371214365,0.278347639114526,1383,1383,0.00445207423982325,0.0055509810656547
0.448604146475651,0.279039028298236,1384,1384,0.00404081296566632,0.00428804059572801
0.450403083849351,0.279518104174679,1385,1385,0.00186163620771718,0.00368447884392368
0.448550048080184,0.279162783543278,1386,1386,0.00188679471933507,0.00418536696073586
0.458477839401349,0.279018683803078,1387,1387,0.00992883705434503,0.00960492425157088
0.453486330461798,0.278161421121375,1388,1388,0.00506458890721273,0.0062010478500487
0.455756344263058,0.278559227247898,1389,1389,0.00230460677171,0.00751581543485937
0.450837799906748,0.276881505953372,1390,1390,0.00519680934103804,0.00635667265842544
0.45689833115597,0.277515693886456,1391,1391,0.00609362235105429,0.00905840816548665
0.450666521444564,0.276974187733138,1392,1392,0.00625529225482346,0.00623939047738904
0.454176218120209,0.27894788846035,1393,1393,0.00402659475433392,0.00606365937072307
0.460092163015428,0.27765243009931,1394,1394,0.00605612222205404,0.0116626330728824
0.461551032461482,0.279480317802545,1395,1395,0.00233869055590304,0.0123035203616387
0.456373555818187,0.279813241670507,1396,1396,0.00518816949354286,0.00736600015034268
0.454939537947402,0.280010545251027,1397,1397,0.00144752753224767,0.00601723783446324
0.454950756903235,0.279606278523747,1398,1398,0.000404422368020995,0.00624721569927212
0.45820571295732,0.281230589852206,1399,1399,0.00363773641235595,0.0086143845122031
0.45865693863338,0.279598707885752,1400,1400,0.00169311646474028,0.00953575928269454
0.457030824400936,0.280332223134335,1401,1401,0.00178389801190015,0.00775376412457873
0.452405941048113,0.279876264272934,1402,1402,0.00464730508042127,0.004182174083229
0.454510480597584,0.280365241984124,1403,1403,0.00216059850905383,0.00546664098053292
0.454685550072943,0.279501711396537,1404,1404,0.000881098403642297,0.00609292021938793
0.457174565085417,0.278350932985108,1405,1405,0.00274216824511756,0.00879352729095225
0.450902448021252,0.278403038979623,1406,1406,0.00627233349729182,0.00487553841680296
0.456358672285764,0.28006338562579,1407,1407,0.00570325645662896,0.00724250114246686
0.451567312577532,0.280378908713282,1408,1408,0.00480173746391957,0.00328560022117758
0.454436621304157,0.280750315394246,1409,1409,0.0028932465313817,0.00521491721505245
0.453477028374781,0.282037242049866,1410,1410,0.00160530333801807,0.00383447894671879
0.449147863688042,0.283359371501325,1411,1411,0.00452655422714954,0.000692082982887496
0.447142903674157,0.281798824480255,1412,1412,0.00254070298583818,0.00299080336610185
0.451369541038565,0.28074908755076,1413,1413,0.00435504432025241,0.00286722133935468
0.449364464953601,0.279735963570067,1414,1414,0.00224649734180823,0.00344715789968444
0.453141884276573,0.28105961773838,1415,1415,0.00400261878010588,0.00393659952973371
0.452301776637917,0.281291798547422,1416,1416,0.000871601269282865,0.00311185314732666
0.458049463448661,0.282678123302105,1417,1417,0.00591251215642259,0.00825432987816229
0.455590047400444,0.279865483319582,1418,1418,0.00373626430669938,0.0066512051236531
0.4585546180073,0.282582211712409,1419,1419,0.00402110582345551,0.0087644296724159
0.454495784286158,0.282291417899201,1420,1420,0.00406923730171639,0.00476567957722514
0.457139371608102,0.281058795117133,1421,1421,0.00291683267459995,0.00762413462433197
0.455750925025524,0.280942100364201,1422,1422,0.00139334187406935,0.00634049902849417
0.46080549433148,0.279168706513572,1423,1423,0.00535664042270611,0.0116966167628761
0.458988694943411,0.277559919109587,1424,1424,0.00242671731516263,0.0107501927723703
0.461441788735183,0.279615734319624,1425,1425,0.00320063202025011,0.0121592073150673
0.458038967198205,0.279865177406783,1426,1426,0.0034119519730291,0.0088630111187002
0.460052493963487,0.280893615902507,1427,1427,0.00226096788433498,0.0104901144321318
0.458273417885032,0.279822641715435,1428,1428,0.00207655902933303,0.00909662877441389
0.457429319673516,0.281100806718797,1429,1429,0.00153173351680472,0.00789228167793785
0.454125086384465,0.281331752176611,1430,1430,0.00331229428537948,0.00468524147489722
0.458315003862263,0.279537779180374,1431,1431,0.00455782267996297,0.00924303536721319
0.450850915976932,0.279897358534883,1432,1432,0.00747274415941977,0.00341962709045265
0.454771996187848,0.282308807794071,1433,1433,0.0046032551037363,0.00503462415483644
0.452932140587858,0.280250405900538,1434,1434,0.00276081273977693,0.00426469813291882
0.459445119513177,0.28072462669908,1435,1435,0.00653022050526793,0.00993783815563761
0.45822492303526,0.280396205268561,1436,1436,0.00126362181080648,0.00885647290299971
0.461708507498103,0.280583017186738,1437,1437,0.00348858988740938,0.0121742693615375
0.457766473891412,0.28143848986977,1438,1438,0.00403379008721223,0.00814048164202947
0.462017536929011,0.281135196408424,1439,1439,0.00426186858940228,0.0123744990568405
0.458839482082974,0.280888273513589,1440,1440,0.00318763290239181,0.00931057672739105
0.465970542781396,0.280303735515655,1441,1441,0.00715497808211885,0.0164111325280166
0.464889974821497,0.27940639139052,1442,1442,0.00140458306798625,0.0155398375685513
0.465371476248694,0.279377832128865,1443,1443,0.000482347650371754,0.0160142568815778
0.46050948383761,0.280703632597298,1444,1444,0.0050395155607989,0.0109776542128996
0.468327455963497,0.280566096816176,1445,1445,0.00781918181475762,0.0186985726298647
0.461503606606148,0.279619443897297,1446,1446,0.00688919964877098,0.0122172888608262
0.467969793543198,0.279921956770249,1447,1447,0.00647325942189744,0.0184463292170268
0.462247250292485,0.27936861029406,1448,1448,0.00574923417326148,0.0130017242539547
0.464481800528522,0.281579859977931,1449,1449,0.00314369844638407,0.0147571521465266
0.45637106276964,0.282812181467602,1450,1450,0.0082038212588563,0.00657109468401171
0.46493671809295,0.282724552564982,1451,1451,0.00856610354492211,0.0151339394779903
0.462120103369217,0.281926537891039,1452,1452,0.00292748115651965,0.012372294808507
0.463822815081693,0.280693804884964,1453,1453,0.00210210795157367,0.014228302527123
0.45643269521653,0.28151075244001,1454,1454,0.00743513785542513,0.00682468411217151
0.459477715038567,0.281111946430303,1455,1455,0.00307102457658289,0.0098821930924654
0.452759573432469,0.281946966386157,1456,1456,0.00676983640616664,0.00318815902439509
0.460627027246978,0.281193313344365,1457,1457,0.0079034690124556,0.0109944496981056
0.459611290465991,0.279854331927423,1458,1458,0.0016806523861782,0.010342984839161
0.459342416065364,0.278880300215233,1459,1459,0.00101046089467424,0.0104477646026555
0.457299082396809,0.280620502143922,1460,1460,0.00268393651818788,0.00790717967220309
0.455181394479968,0.282567479185898,1461,1461,0.00287668589093683,0.00540447049828455
0.456263424149723,0.282177059052653,1462,1462,0.00115031129989812,0.0065281089370839
0.460850064461665,0.28236293171548,1463,1463,0.00459040499279925,0.0110695093421276
0.45711333357543,0.281013794402251,1464,1464,0.00397282383275316,0.00761163530824141
0.461600638542192,0.281172985860709,1465,1465,0.00449012781390209,0.0119570613971537
0.455082710861456,0.281110452397383,1466,1466,0.00651822764908826,0.0056560403586312
0.458820704684465,0.281692401779108,1467,1467,0.0037830229848282,0.00912963490425875
0.45523897931959,0.281552084817035,1468,1468,0.00358447282584622,0.00566155556577631
0.458214432601014,0.282354126359144,1469,1469,0.0030816542416697,0.00844355541407636
0.454271603835486,0.281834348902773,1470,1470,0.00397694195059801,0.00465384677058226
0.460808393655837,0.280733469917435,1471,1471,0.00662884271165081,0.0112627666576791
0.455703630294189,0.281534074186932,1472,1472,0.00516716326186409,0.00611337477897646
0.455993518902888,0.281512004092225,1473,1473,0.000290727526274218,0.00639898689770849
0.452741899500889,0.281338677316739,1474,1474,0.00325623569579267,0.00344953129822094
0.453815904266543,0.28245858280113,1475,1475,0.00155166830560463,0.00406697879999515
0.447885525193639,0.281622170029331,1476,1476,0.0059890719041576,0.00245904281790445
0.454716060628768,0.282822714229353,1477,1477,0.00693523760997178,0.00491837139044559
0.453947913760236,0.279806039569172,1478,1478,0.00311293681545516,0.00532379399143531
0.455618776445707,0.281344482832805,1479,1479,0.00227125291174652,0.00608526862017556
0.449699350226821,0.281787715470623,1480,1480,0.00593599713039543,0.00137102046788346
0.455755321180546,0.281350540690021,1481,1481,0.00607173006491183,0.00621400580869254
0.450997957959445,0.281300615714765,1482,1482,0.00475762517655988,0.00220232680367692
0.45578995472036,0.28127563644826,1483,1483,0.00479206186524926,0.00626919430219871
0.452462788142297,0.281004428093792,1484,1484,0.00333820182279497,0.0034154636835387
0.45221585766231,0.282220717441098,1485,1485,0.00124110210632218,0.00258170555018701
0.455875385690312,0.280711470914159,1486,1486,0.0039585313522585,0.00653988767627899
0.455372576179923,0.281204395969488,1487,1487,0.000704125353832241,0.00589550817813096
0.457496948064109,0.278946544122356,1488,1488,0.00310013723340049,0.00876424583787331
0.458128160806575,0.279925096562199,1489,1489,0.00116447172734034,0.00892403969045635
0.457209166738028,0.280156073590794,1490,1490,0.000947576110802697,0.0079846028423508
0.46019556656474,0.280372783937513,1491,1491,0.00299425237736579,0.0107526892231113
0.457156650188388,0.280213775342116,1492,1492,0.00304307352455869,0.00791433403892952
0.457356356190478,0.281182792395682,1493,1493,0.000989381896626632,0.00780073107731257
0.458278647760922,0.279993612225079,1494,1494,0.00150491568503579,0.00904030980178177
0.46042672013303,0.281372774502781,1495,1495,0.0025527051345679,0.0107662662885825
0.45636981733616,0.281919414221635,1496,1496,0.00409356510702813,0.00667614670525769
0.45706165999858,0.281225502976965,1497,1497,0.0009798770764861,0.00750488101868794
0.449622404179742,0.280190929720596,1498,1498,0.00751085008244086,0.002969285312046
0.454025323976966,0.281850895032582,1499,1499,0.00470544233603811,0.00441331834881124
0.450233584304065,0.280717195156941,1500,1500,0.00395759588071822,0.00247388608344963
0.452671220342074,0.281482881648558,1501,1501,0.00255506267188266,0.00331463324771694
0.449933304980592,0.28060119356673,1502,1502,0.002876378695561,0.00255618990795724
0.452401010899084,0.280747644462598,1503,1503,0.00247204780800432,0.00353714233347253
0.453248370495414,0.281188968231118,1504,1504,0.000955397798905763,0.00396141564455087
0.453060097308161,0.28055574854689,1505,1505,0.000660616349731977,0.00416210796180575
0.452793073410255,0.281122048705761,1506,1506,0.000626097142615354,0.00361049243109225
0.452860652522477,0.282120227351174,1507,1507,0.00100046366479042,0.00322222196367283
0.451213143460023,0.280821658732391,1508,1508,0.00209775274247424,0.00272275829087832
0.450921647425261,0.282165052864998,1509,1509,0.00137465549640827,0.00148894613737146
0.454360114535511,0.281644869492636,1510,1510,0.00347759209930641,0.00479502355166372
0.457266159471858,0.282221045158036,1511,1511,0.00296261296315663,0.00751545323169142
0.45397024810104,0.282241216801626,1512,1512,0.00329597309750687,0.00426037303944755
0.4517528479658,0.282670167524203,1513,1513,0.00225850881826151,0.00200335618310276
0.45320763003174,0.283001625953826,1514,1514,0.00149206419096136,0.00340217683990787
0.449774943398699,0.282034106200271,1515,1515,0.00356643126867357,0.00112076137890273
0.451643660132606,0.281631745645303,1516,1516,0.00191154289718498,0.00238426972027422
0.451499427980483,0.282612346087838,1517,1517,0.000991150917673779,0.00177530687847812
0.454537298284043,0.281090429948109,1518,1518,0.00339777643726282,0.00515923366556605
0.450388907990031,0.282097739580519,1519,1519,0.00426893601814349,0.00120534731062385
0.449781549063683,0.280608625666609,1520,1520,0.0016082117752381,0.00254587464536994
0.449105611512667,0.281502991643714,1521,1521,0.00112106292146155,0.00179487798289612
0.445355654051115,0.279534846196267,1522,1522,0.00423506522567995,0.00573864805770811
0.448967599400753,0.279920072315625,1523,1523,0.00363243009179948,0.00334190563954802
0.44477875135125,0.280076613284311,1524,1524,0.00419177206640575,0.00589700851915329
0.442444079610566,0.282338945586037,1525,1525,0.00325097517372591,0.00740980558766761
0.445941691511083,0.281769626865415,1526,1526,0.00354364400191194,0.00410763166618506
0.451738790897326,0.28150824182697,1527,1527,0.005802989180785,0.00253657809802037
0.448564252735656,0.282046664584493,1528,1528,0.00321987447049155,0.00166615705637446
0.455120302489578,0.281852718152656,1529,1529,0.00655891786763096,0.00546858592102854
0.45418570947351,0.281005030572233,1530,1530,0.00126176001667814,0.00487608444496287
0.455609510177063,0.282643764050976,1531,1531,0.00217086523252622,0.00582305568779687
0.455994186342173,0.280904011491133,1532,1532,0.00178177291523968,0.00658194630541603
0.458499571001377,0.279956570980918,1533,1533,0.00267854359885494,0.00926033864341965
0.45622606665467,0.27866885925268,1534,1534,0.0026128573458071,0.00782942562430361
0.45445167613864,0.280964866371917,1535,1535,0.00290174264795452,0.00513316496094307
0.453075800211663,0.280106023508065,1536,1536,0.00162192651844213,0.00446822832659317
0.456337533210445,0.280152787190543,1537,1537,0.00326206820856729,0.00718558797719786
0.452176193827477,0.279303520570501,1538,1538,0.00424711658094757,0.00452029594762836
0.457841308473213,0.27964565512746,1539,1539,0.00567543654747363,0.00876531939429963
0.449426263903977,0.279402571136243,1540,1540,0.00841855480050013,0.0037712423417657
0.451809913724272,0.280308331822538,1541,1541,0.00254993899664848,0.00347907514121953
0.449020715939073,0.280429407845777,1542,1542,0.00279182443723858,0.00283664176327744
0.450266284943342,0.280074166974596,1543,1543,0.0012952367432075,0.00311396307456041
0.442483203529446,0.280210149014275,1544,1544,0.00778426922777252,0.00789518333428475
0.448306605093276,0.28154631219942,1545,1545,0.0059747249167593,0.00220059898725539
0.444160885307767,0.280932676765485,1546,1546,0.00419088785172484,0.00606924423070872
0.450081408424385,0.281428986137827,1547,1547,0.00594128916713152,0.00174675782525806
0.449919372714038,0.280453698240104,1548,1548,0.000988656692119293,0.00270291457536859
0.453419654262561,0.28144484553313,1549,1549,0.0036379037748964,0.00399500775872402
0.455166612783929,0.279898729125397,1550,1550,0.00233288234200489,0.00626931887786215
0.460243617249474,0.279467034783587,1551,1551,0.00509532475392125,0.0110670682264688
0.457178956451002,0.279053635724538,1552,1552,0.00309241727322067,0.0084340897456049
0.460111747095476,0.279531969347242,1553,1553,0.00297154236364268,0.0109211115030039
0.457562399758414,0.279844579038007,1554,1554,0.00256844245871788,0.0084303991545013
0.459114601823268,0.279424025724993,1555,1555,0.00160816551984658,0.0100255547997341
0.457143322752425,0.278325980058276,1556,1556,0.00225646747402669,0.00878107041125445
0.457514415040847,0.279523059799428,1557,1557,0.00125327945535096,0.00851830492577342
0.455263410957849,0.278534614342936,1558,1558,0.00245846370771193,0.00714799734248477
0.458424189531615,0.280775078551866,1559,1559,0.00387430007406124,0.00893781050404228
0.450407214662861,0.279818402859267,1560,1560,0.00807385375313648,0.00338918396658017
0.451195811370114,0.279296281850517,1561,1561,0.000945777518483034,0.00409979118573962
0.447715615850275,0.279650332121867,1562,1562,0.00349815843708464,0.00408165819192626
0.446114509469601,0.278659946778523,1563,1563,0.00188265896288904,0.00581791096992722
0.444497541156114,0.278874314530565,1564,1564,0.00163111620062426,0.00682122321577746
0.454541870853897,0.281333677141368,1565,1565,0.0103410359021325,0.00507109819297433
0.452552244047355,0.280185959834349,1566,1566,0.00229692617341959,0.00404195389985128
0.45674449661576,0.280225363590886,1567,1567,0.00419243774590898,0.00752872624144804
0.455153788622642,0.280500947257469,1568,1568,0.00161440338102217,0.00596729263587191
0.456367727688048,0.279449089092287,1569,1569,0.00160625454215042,0.00753308892638621
0.459258066685596,0.2798161991892,1570,1570,0.0029135595658921,0.0100214942694285
0.462926696457874,0.278908798919816,1571,1571,0.00377918240561694,0.0137877396535638
0.462212706994844,0.280047514134082,1572,1572,0.00134404363490196,0.0127869973603519
0.463533107677554,0.279530353893941,1573,1573,0.00141806652766567,0.0141946369177191
0.460944830980432,0.27859302811812,1574,1574,0.00275277239721769,0.0120339115740521
0.465791989796564,0.279472809412871,1575,1575,0.00492635399818135,0.0164016301298876
0.462045611704665,0.280465155340036,1576,1576,0.0038755772791449,0.0125287396421721
0.464087878481648,0.280181683185145,1577,1577,0.00206184627238982,0.0145851459292027
0.462207087173897,0.278546626739237,1578,1578,0.00249214476397609,0.0132267385930012
0.459704386019008,0.279847096186376,1579,1579,0.00282041377347784,0.0104335483809145
0.459798279182531,0.279795656732219,1580,1580,0.000107060467028442,0.0105389221915648
0.462047090280405,0.280540637408961,1581,1581,0.00236899716391602,0.0125142011378341
0.457919774559996,0.279028751169776,1582,1582,0.00439551305949259,0.00909984381232919
0.457427169135114,0.280625832015138,1583,1583,0.0016713250226222,0.0080269362281136
0.458069002732234,0.279746106012088,1584,1584,0.00108897576044343,0.00893564377963257
0.461351814960164,0.279390944360562,1585,1585,0.00330196849206047,0.012140944263102
0.459355619242902,0.281052527812381,1586,1586,0.00259724024860447,0.00977536929249286
0.458051877169169,0.280561777065984,1587,1587,0.00139304690872529,0.00864108825022775
0.454262517331001,0.281897765280447,1588,1588,0.00401797367989241,0.00462751262237046
0.459333154808805,0.283091282541523,1589,1589,0.00520920799006888,0.00952448065945269
0.456246658301052,0.281450243213521,1590,1590,0.0034956359605113,0.0066595002217188
0.458613961008391,0.283361466387919,1591,1591,0.00304251477079901,0.00880751354313464
0.458856938508384,0.283640374979556,1592,1592,0.000369902781811239,0.00906109958347278
0.460258094618068,0.283747714294177,1593,1593,0.00140526160275209,0.0104660451371736
0.457596440704562,0.282520831060338,1594,1594,0.00293080944872896,0.00781328395060397
0.461140377885573,0.28155182776201,1595,1595,0.00367402478694983,0.0114442503370016
0.459234590015319,0.282038032494463,1596,1596,0.00196683055911398,0.00949158184243445
0.463437185261086,0.281642539303635,1597,1597,0.00422116354382664,0.0137119001403171
0.461904366398257,0.281495447808841,1598,1598,0.00153986024498542,0.0122087135875269
0.463321645899215,0.281049705942392,1599,1599,0.00148572103550507,0.0136756829213996
0.45944430549106,0.28019109914246,1600,1600,0.00397126859801805,0.0100807858715415
0.462644310727429,0.281792310699527,1601,1601,0.00357825543572284,0.0129074926401934
0.46032441485769,0.282762644904682,1602,1602,0.00251465013791693,0.0105228250180227
0.464650297685892,0.284169920017345,1603,1603,0.00454903126896752,0.0148761206532779
0.454062422452358,0.283367547302948,1604,1604,0.0106182345017276,0.00425887891512724
0.456915270247802,0.282602152755384,1605,1605,0.00295373820055343,0.00712780932319915
0.458571978962595,0.283442302339504,1606,1606,0.00185756159773155,0.00876782559708012
0.463268034762921,0.283680555180786,1607,1607,0.00470209575574107,0.0134694340957976
0.457815295124444,0.28394140349974,1608,1608,0.00545897530774095,0.00804500360615031
0.461346548365416,0.284406847722882,1609,1609,0.00356179558323272,0.0116054497609841
0.46361240469021,0.283133941122836,1610,1610,0.00259892210292045,0.0138035368034642
0.462885307675313,0.285556180189529,1611,1611,0.00252901406980794,0.0132951740840692
0.464929761579321,0.285729625435062,1612,1612,0.00205179799659043,0.0153386112408796
0.468119091389436,0.284296200077194,1613,1613,0.00349664594923009,0.0183457773194613
0.466418956931991,0.283055680631758,1614,1614,0.00210460107096221,0.0166103670355133
0.468840202807708,0.282453318084225,1615,1615,0.00249504954446757,0.0190442270821423
0.465178078690395,0.28263485466783,1616,1616,0.00366662086692832,0.0153779730754497
0.467286938704134,0.283873138410138,1617,1617,0.0024455341306168,0.0174928294896905
0.463420382359326,0.285761075678269,1618,1618,0.00430285545841061,0.0138588569336052
0.460928626956113,0.283887159877901,1619,1619,0.00311775647161703,0.0111438642842831
0.459147233315728,0.283915933931707,1620,1620,0.00178162601243233,0.0093693538542299
0.463372778349126,0.283802261046006,1621,1621,0.00422707373418253,0.0135793608719943
0.461636150353984,0.283118935709768,1622,1622,0.00186622890039073,0.0118273204053653
0.463836218707052,0.283632899137836,1623,1623,0.00225930501782383,0.0140354961961
0.45798537731049,0.28274767431851,1624,1624,0.00591742917393072,0.00818660171003859
0.458207780720291,0.283234980742399,1625,1625,0.000535659245655143,0.00839928473145096
0.460686183636986,0.281340058786913,1626,1626,0.00311980932668403,0.0110275715893574
0.46482465810344,0.281675437904567,1627,1627,0.00415204167393012,0.0150884291469225
0.461774252592138,0.282921340773602,1628,1628,0.00329503379989549,0.0119676382352497
0.463343310829305,0.283009025204852,1629,1629,0.001571506382776,0.0135352080720727
0.464320206156866,0.282399474515504,1630,1630,0.00115146711802584,0.0145309443170735
0.467006158434196,0.283477398816466,1631,1631,0.00289417698745262,0.0172003093371286
0.465350114977287,0.281682672621871,1632,1632,0.00244203235947701,0.015610757086879
0.466452997398162,0.282015766292487,1633,1633,0.00115208551231177,0.0166830130903309
0.466492652800227,0.281485840819455,1634,1634,0.000531407148880452,0.0167669946691024
0.467945852323705,0.282256423604422,1635,1635,0.00164486676771139,0.0181591832199805
0.464408029365132,0.281371174748238,1636,1636,0.00364689687591748,0.0147076443356541
0.463115033254841,0.281823895696861,1637,1637,0.00136996175076171,0.0133724998898979
0.46492608815679,0.281641410157513,1638,1638,0.0018202254887633,0.0151927249084969
0.468018815240044,0.282697195098448,1639,1639,0.00326797225401257,0.0182156698147851
0.461013268331515,0.282531232388799,1640,1640,0.00700751247652039,0.0112216991192885
0.462241211978256,0.281614620999084,1641,1641,0.0015323256962296,0.012527313388242
0.459288842916149,0.281671011062418,1642,1642,0.0029529075363323,0.00959530850985968
0.461448424107498,0.282187934167762,1643,1643,0.00222058560268868,0.0116795926355956
0.459635896651431,0.281269957646963,1644,1644,0.00203173243113766,0.010006055452003
0.464229071217782,0.282026277116698,1645,1645,0.00465502650231714,0.0144642450654817
0.46099934033895,0.280837158891723,1646,1646,0.00344168036032585,0.011427848751954
0.461217325991348,0.282328625317267,1647,1647,0.00150731212533343,0.0114382865457886
0.45792392555421,0.281979058907112,1648,1648,0.00331190022712775,0.008199709356872
0.460200986285015,0.281892282353179,1649,1649,0.00227871361563603,0.0104684590495485
0.455726372306217,0.281580103648829,1650,1650,0.004485490586625,0.00612331142037998
0.462527891013571,0.281720899722971,1651,1651,0.00680297583862938,0.0127995294954899
0.460007277080884,0.28147298073727,1652,1652,0.00253277682023648,0.010336065830601
0.465411544849088,0.279841327430928,1653,1653,0.00564521059151409,0.0159505234906158
0.45931589973576,0.280348381522721,1654,1654,0.0061166978999822,0.00991245916726241
0.458459577146548,0.281880082180995,1655,1655,0.00175482058437637,0.00874404238027957
0.456185338435976,0.280576189064692,1656,1656,0.00262150700388348,0.00687794419962326
0.461392009598958,0.28169491220894,1657,1657,0.00532550148557901,0.0116747073356279
0.459599465162282,0.28069714088007,1658,1658,0.00205152703666612,0.0100942257597517
0.464822959844256,0.282141134556558,1659,1659,0.00541941089329411,0.0150482263696384
0.462447471850297,0.281682726394888,1660,1660,0.00241931421112107,0.0127239779625432
0.46342726094436,0.282988852466989,1661,1661,0.00163277432153605,0.0136193835766505
0.462829187742543,0.281895489931217,1662,1662,0.00124624764367329,0.0130810196004179
0.463299503008047,0.283439267401216,1663,1663,0.00161382939799872,0.0134936282979543
0.461922339959013,0.280955762274647,1664,1664,0.00283978445965905,0.0123113623813472
0.464882267681566,0.280228942233459,1665,1665,0.00304785818157719,0.0153546396204199
0.464461496442192,0.281566182432558,1666,1666,0.00140187723641227,0.0147384316958344
0.464946933749241,0.283349330699058,1667,1667,0.00184804413350883,0.0151393063640887
0.466302899885964,0.283023451884204,1668,1668,0.00139457562215569,0.0164945363366384
0.470511286435135,0.282868905044142,1669,1669,0.00421122334637061,0.0207043712703258
0.468534339726288,0.281844122877677,1670,1670,0.00222676823632965,0.0187712395660332
0.470008078824352,0.283169149656393,1671,1671,0.0019818180777955,0.0201992012639255
0.466227646834095,0.282725206083411,1672,1672,0.00380640932230812,0.0164243713449819
0.467899030365709,0.281857891565906,1673,1673,0.0018830181576464,0.0181365444940687
0.46490667150422,0.282200499852245,1674,1674,0.00301190836411049,0.0151278899802218
0.466820724415415,0.279870566370841,1675,1675,0.00301532561668202,0.0173258768153199
0.46526953755994,0.281475745141257,1676,1676,0.00223221404564816,0.0155515133127577
0.46344214679566,0.282778174927208,1677,1677,0.00224403216392115,0.0136384527220685
0.461571774827335,0.282541487839029,1678,1678,0.00188528832744607,0.0117788466765171
0.465370814595528,0.283619279075986,1679,1679,0.00394896658770021,0.0155688750828281
0.463488477076268,0.283126092314268,1680,1680,0.00194587453818255,0.0136796232897507
0.465534059524262,0.28544324240957,1681,1681,0.00309088856410239,0.0158908838481099
0.466222740475163,0.285678874450262,1682,1682,0.000727876301808029,0.016606863748227
0.466496773098907,0.285163282089802,1683,1683,0.000583891566166723,0.0168083750084958
0.463148181993413,0.283980783063621,1684,1684,0.00355124856053623,0.0133648750045093
0.461250028337585,0.284867119868883,1685,1685,0.00209489384778758,0.0115686375815033
0.456639971659946,0.283535713655018,1686,1686,0.00479846486674247,0.00684172551864459
0.460997170940572,0.285283411238343,1687,1687,0.00469463868831822,0.0113890594013001
0.459280824713746,0.28422053479106,1688,1688,0.0020187993244825,0.00953175863145512
0.463816962543611,0.282630327725479,1689,1689,0.00480679778261524,0.0140178777338244
0.465020944347515,0.282625173707895,1690,1690,0.00120399283553977,0.0152212628382431
0.461131404114272,0.284636972138656,1691,1691,0.00437902456627379,0.0114191787209528
0.460330730875615,0.282115318261524,1692,1692,0.00264571652131464,0.0105730259398009
0.467276989988019,0.282854892803438,1693,1693,0.00698551974871607,0.0174706736908138
0.46751790301203,0.281517911435375,1694,1694,0.00135851325488125,0.0177844688809158
0.469801184033509,0.283013319081474,1695,1695,0.00272939851451918,0.0199927985074464
0.470741876790629,0.283689373507765,1696,1696,0.00115842671352354,0.0209398298996523
0.475092164584824,0.283558816555774,1697,1697,0.00435224643259556,0.0252865165461117
0.471587489591851,0.282102751164256,1698,1698,0.00379511175471118,0.0218039806823564
0.471900430638974,0.283315729721388,1699,1699,0.00125269672268836,0.0220921370684242
0.465355075217067,0.282890361441767,1700,1700,0.00655916273409894,0.0155484335201448
0.466079515230592,0.283960189020775,1701,1701,0.00129203110721138,0.016290575331135
0.467093226067421,0.282543002581143,1702,1702,0.00174241988779423,0.0172951515174845
0.477033054775978,0.281625827896845,1703,1703,0.00998205410509103,0.0272670482586569
0.472917152419132,0.281793774031173,1704,1704,0.00411932738625199,0.0231482892062948
0.473911198498456,0.283127014295611,1705,1705,0.00166302652129793,0.0241023310243772
0.472896190767388,0.282838983868309,1706,1706,0.00105508398773684,0.0230894616424891
0.474167299158746,0.284721843546891,1707,1707,0.00227175639358814,0.0244087988967264
0.472068032530966,0.282738439810185,1708,1708,0.00288804618337175,0.0222630349011342
0.476500791899648,0.282782945435461,1709,1709,0.00443298278491092,0.0266944927991188
0.473149299056977,0.28264141906885,1710,1710,0.0033544796894479,0.0233460515820433
0.472915833904236,0.284120947412125,1711,1711,0.0014978351364884,0.0231271590275992
0.473212929063556,0.282230117320292,1712,1712,0.00191402820508754,0.0234222882261858
0.478662574579861,0.282995624003249,1713,1713,0.00550314789325451,0.0288541281975639
0.476701749490987,0.282471050907831,1714,1714,0.00202978125954319,0.0269015458985574
0.478807657652788,0.282313213784886,1715,1715,0.00211181479853684,0.0290109711779862
0.477358136714685,0.28263558430855,1716,1716,0.00148493558935255,0.0275541376731517
0.477207854372032,0.285338648975526,1717,1717,0.00270723906893449,0.0274859014728778
0.476871510259742,0.284684421281059,1718,1718,0.000735623027154961,0.0271058462790107
0.478809651201873,0.284291882705303,1719,1719,0.00197749256509895,0.0290230689282553
0.475124593918121,0.283830735626312,1720,1720,0.00371379910778571,0.0253247450729275
0.476087055407863,0.285377234163034,1721,1721,0.00182153502390638,0.0263720219986066
0.472770410637532,0.283415484643267,1722,1722,0.00385338730351172,0.0229630124727691
0.477234756719551,0.283958902661309,1723,1723,0.00449729797571429,0.027437672088566
0.473496216902161,0.282980427512524,1724,1724,0.00386446549771062,0.0236879724466891
0.477225867045169,0.282842591177154,1725,1725,0.00373219627626811,0.0274187565554095
0.475059078360443,0.285023249905244,1726,1726,0.00307412519144109,0.0253192642128157
0.482518388271519,0.28426092076527,1727,1727,0.00749816311286477,0.0327282176019222
0.479944318049152,0.281895851094502,1728,1728,0.003495624702004,0.0301617021290092
0.482830984058283,0.282965687892783,1729,1729,0.00307853722134848,0.0330226400275945
0.477572694696447,0.282012266203383,1730,1730,0.00534402656529809,0.0277872921424161
0.48398299404748,0.283178930892555,1731,1731,0.00651560006958756,0.0341741199056759
0.478837990530627,0.281564286688702,1732,1732,0.00539241477387073,0.0290726228246479
0.48579752963598,0.281573660967261,1733,1733,0.00695954541877802,0.0360233435048838
0.483140317197842,0.281566271948167,1734,1734,0.00265722271159158,0.0333692449763419
0.486158590409337,0.280712485284488,1735,1735,0.00313670605034971,0.0364316339321061
0.480688076263068,0.281491183410541,1736,1736,0.00552565795141563,0.0309239504725001
0.481508244446223,0.282706842564707,1737,1737,0.00146645935087447,0.0317025201442385
0.479495446608583,0.281858241672485,1738,1738,0.00218437144494455,0.0297148442054754
0.481228579505893,0.281612957904144,1739,1739,0.00175040388675039,0.0314574829001183
0.477178788518649,0.281803202609325,1740,1740,0.00405425703282496,0.0274032359064063
0.479007868819169,0.282516210895552,1741,1741,0.00196313921105421,0.0292059582985582
0.469726956071754,0.282680905818927,1742,1742,0.00928237393358626,0.0199236991665903
0.475474361355041,0.28289738095805,1743,1743,0.00575148058991918,0.025666764797432
0.475261994122968,0.280773533726708,1744,1744,0.00213443831097031,0.025564216592992
0.475172940078222,0.282136171482458,1745,1745,0.00136554468117251,0.025384485168531
0.475105422696116,0.281130047614016,1746,1746,0.00100838674898733,0.0253774060187797
0.475678423711377,0.281350359754032,1747,1747,0.000613895432894659,0.0259323645541572
0.47062437574015,0.281767732269249,1748,1748,0.00507125238101238,0.0208616264347458
0.472859992766478,0.283820985374116,1749,1749,0.00303542942613682,0.0230607471771561
0.470634303789696,0.282451767727458,1750,1750,0.00261312999777859,0.0208372689858346
0.473764626096407,0.281195760140026,1751,1751,0.00337290272667015,0.0240356759112646
0.469161517108884,0.280369263489098,1752,1752,0.00467671990448605,0.0195520120323226
0.468582900396984,0.279566087473835,1753,1753,0.000989893434053839,0.019113853185041
0.466557228891178,0.281550352211002,1754,1754,0.00283560427362434,0.0168249787857408
0.464909281695909,0.281294485671397,1755,1755,0.00166769231109522,0.0152145045926438
0.459050915596507,0.280448044966527,1756,1756,0.00591919886652596,0.00963012321621391
0.461577931331292,0.281201822313598,1757,1757,0.00263704167824682,0.0119299152310295
0.461032051171252,0.280295794887859,1758,1758,0.00105776691445564,0.0115814879013153
0.464505035907139,0.280946158387686,1759,1759,0.00353335473135906,0.0148611250193863
0.466410942318792,0.280414324355235,1760,1760,0.00197871844587671,0.0168266495301609
0.465473579093373,0.28294911779001,1761,1761,0.00270255944862326,0.015666040535641
0.458157822494903,0.281755560050301,1762,1762,0.007412481007468,0.00846530651226276
0.459804831452099,0.281249873696539,1763,1763,0.0017228921015158,0.0101757569478051
0.460455895671937,0.280089566395427,1764,1764,0.00133048774942351,0.0110793411224607
0.467096692422488,0.280344029217836,1765,1765,0.00664567023031601,0.0175147445973184
0.460222087068445,0.279556560174212,1766,1766,0.0069195596874728,0.0110172109323632
0.467622088968712,0.281448843812142,1767,1767,0.00763811269164898,0.0178946659972242
0.464194748666398,0.280573296883805,1768,1768,0.00353740639050503,0.0146155733786332
0.468173829282402,0.280084045654041,1769,1769,0.00400904593569231,0.0186198293068427
0.466639523033872,0.279584699032657,1770,1770,0.00161351873635478,0.0172050247941227
0.468664841237757,0.280900051431472,1771,1771,0.00241496703084232,0.0189902353849197
0.466213790010852,0.282672222860136,1772,1772,0.00302460636934509,0.016411990273229
0.470405525118796,0.282084015739939,1773,1773,0.00423280413336387,0.0206244343070578
0.467254743503142,0.281383188829758,1774,1774,0.00322778300813083,0.017535537458307
0.47080053160207,0.28196596892746,1775,1775,0.0035933613629546,0.0210252602826666
0.469768144143362,0.280735313347985,1776,1776,0.00160634274679818,0.0201053192416631
0.471345712495662,0.282406018629828,1777,1777,0.00229782028125804,0.0215498266997936
0.462978890572566,0.281030256584061,1778,1778,0.00847917627481482,0.0133401981999156
0.46975896587672,0.281716374138075,1779,1779,0.00681470310636725,0.02000183972677
0.46604996623813,0.282774400667603,1780,1780,0.0038569545571927,0.0162455270650509
0.471051970212344,0.283902376705945,1781,1781,0.00512760896531064,0.0212562530514947
0.463110003787792,0.282209076306142,1782,1782,0.00812047393522653,0.013334667744798
0.469210244186558,0.283650869123837,1783,1783,0.00626830913818857,0.0194077135278233
0.464086306978695,0.281585504737684,1784,1784,0.00552453279089916,0.0143633604255872
0.468954985399932,0.284187954606159,1785,1785,0.00552057740524945,0.0191739815633033
0.466279067525883,0.284581322973294,1786,1786,0.00270467653166082,0.0165318849700527
0.466085746489638,0.285626363376601,1787,1787,0.00106277112663013,0.0164635086843951
0.460928814977306,0.285617166179636,1788,1788,0.00515693971375536,0.0113893956633439
0.462853518080864,0.287711710091364,1789,1789,0.0028445731199957,0.0138178147104821
0.457614271359101,0.285356093132374,1790,1790,0.00574444405221105,0.00810997810406365
0.462617244789181,0.285530033221241,1791,1791,0.00500599623417743,0.0130268179554067
0.45904476457034,0.284875719300629,1792,1792,0.00363190605890624,0.00939492462617788
0.46140743137976,0.286476150468498,1793,1793,0.00285369486375552,0.0120648522417465
0.458184618288152,0.282771542038795,1794,1794,0.00491025944740879,0.00838447891221829
0.462365484912372,0.284908029819252,1795,1795,0.00469512787531458,0.0126784712201541
0.456287429165082,0.283005847584215,1796,1796,0.00636875646594,0.00648024804358075
0.457247777837919,0.284613825414645,1797,1797,0.00187292879645063,0.00758071334202815
0.45483196200321,0.282391158778452,1798,1798,0.00328274475445044,0.00508072722849698
0.457748856699294,0.284842873971659,1799,1799,0.00381040444790867,0.00811752941547299
0.457334133171689,0.283718875538298,1800,1800,0.00119806847990729,0.00754639486807642
0.462763343635513,0.28482461079947,1801,1801,0.0055406657297016,0.0130616924666566
0.458580990167007,0.283293434746183,1802,1802,0.00445382763942236,0.00877320967954245
0.462521745741874,0.286177028016158,1803,1803,0.00488309990144459,0.0130672659883561
0.459271907658069,0.283812258861312,1804,1804,0.00401915174217872,0.0094858671420275
0.465619659736287,0.285427071441772,1805,1805,0.00654992947416503,0.0159732873312901
0.460102898498048,0.283840649331635,1806,1806,0.00574033010124541,0.0103168676140105
0.467077676727033,0.285654943896663,1807,1807,0.00720688532670005,0.0174489022424333
0.467703766097572,0.282928737342622,1808,1808,0.00279717537440898,0.0178963053307189
0.471912700621449,0.283811322455244,1809,1809,0.00430047512576252,0.0221135786895733
0.465119780111529,0.282961730979706,1810,1810,0.00684584360976764,0.0153121087525145
0.470831219877401,0.283295451080954,1811,1811,0.00572118111102599,0.0210228104009338
0.467529440853277,0.282951396166139,1812,1812,0.00331965638410817,0.0177217200932756
0.4688196054161,0.284624901662994,1813,1813,0.00211308902963566,0.0190675137143783
0.463647556973727,0.283662752757737,1814,1814,0.00526078089318834,0.0138480095193959
0.467447798624896,0.284743643742489,1815,1815,0.00395096974529004,0.0177103695159156
0.467717844433743,0.284705362967136,1816,1816,0.000272745589583583,0.0179759987347622
0.469684413965722,0.285515800659245,1817,1817,0.0021270178600327,0.0200153232381875
0.468490595866397,0.284512653593967,1818,1818,0.00155932860194837,0.0187310270763974
0.473261566607313,0.284079161725113,1819,1819,0.00479062386449214,0.0234709104949982
0.471380220426292,0.282889828431677,1820,1820,0.00222575316145314,0.0215729592960885
0.4744925016102,0.28427731047543,1821,1821,0.00340755052632328,0.024709149336038
0.473897325873472,0.283309436774683,1822,1822,0.00113622781966814,0.0240889421073921
0.47089331995641,0.287057592624834,1823,1823,0.00480340752245326,0.0214426854133641
0.467967329442197,0.285205850594187,1824,1824,0.00346271122638396,0.0182739655786506
0.473745726691,0.284544820452663,1825,1825,0.00581608421646172,0.023977195103119
0.472184783300247,0.283549920267032,1826,1826,0.0018510458256083,0.0223793965104503
0.475935163423447,0.284505971161615,1827,1827,0.00387032096621565,0.0261612193894347
0.474142026668043,0.284068375317167,1828,1828,0.00184575988326266,0.0243503042592012
0.481289773596404,0.283720465076122,1829,1829,0.00715620903046567,0.0314859803129163
0.475067733911072,0.284325090715894,1830,1830,0.00625134785547155,0.0252859679633049
0.478098645913921,0.285861664422445,1831,1831,0.00339815925534376,0.0284190115754389
0.477115388342897,0.283900270968066,1832,1832,0.00219405098706931,0.027316691379454
0.478210634864933,0.284695744520216,1833,1833,0.00135364068947465,0.0284435475321654
0.475171549949919,0.283851964545151,1834,1834,0.0031540453019867,0.0253722592001537
0.475807772728222,0.286389640677482,1835,1835,0.00261621474199574,0.0261994150854529
0.471763986921857,0.284711624679857,1836,1836,0.00437812075393585,0.0220102631156792
0.472089329052853,0.284895193249405,1837,1837,0.000373557120031985,0.0223483511697936
0.472676494155117,0.284322950832742,1838,1838,0.00081989282271837,0.0228974509593334
0.473202957729032,0.284172127606731,1839,1839,0.000547641799138155,0.0234162037352421
0.469261479322366,0.285149213036434,1840,1840,0.00406078169410145,0.0195546150245966
0.471855001768927,0.284842327370808,1841,1841,0.00261161587768648,0.0221106447038845
0.469327338805101,0.282342454112868,1842,1842,0.00355505926314321,0.0195353346156419
0.472497176379395,0.283919737180447,1843,1843,0.00354057793625213,0.0227011997362622
0.471183341647183,0.284828760145244,1844,1844,0.00159764966563244,0.0214399421806007
0.473445282765538,0.284357970297554,1845,1845,0.00231041569930494,0.0236670253319987
0.471327533274044,0.284252830607262,1846,1846,0.00212035781489846,0.0215466694014189
0.472459653509452,0.284760629410782,1847,1847,0.00124078839947723,0.0227076535042507
0.468437783069734,0.285892286170471,1848,1848,0.00417804845060816,0.0188290252930157
0.473969786619556,0.286413659630242,1849,1849,0.00555651811477225,0.0243797526789
0.476221224499505,0.286204796885369,1850,1850,0.00226110507793525,0.0265879105793604
0.479967343517322,0.28494206730404,1851,1851,0.00395321308446913,0.0302113995438257
0.483685186326453,0.281337546459904,1852,1852,0.00517831301383189,0.0339249866106483
0.485404659271553,0.285031000197388,1853,1853,0.00407408734809009,0.0356452113528237
0.484739202276117,0.284289887949024,1854,1854,0.000996032317473079,0.0349487717163521
0.487952742776424,0.28424805581452,1855,1855,0.00321381276283966,0.0381595364856413
0.482049420538867,0.285164750435987,1856,1856,0.00597407251960193,0.0323031570851071
0.485970032036805,0.286436622348611,1857,1857,0.00412175359281597,0.0363098056930112
0.481708887035129,0.285283215313457,1858,1858,0.00441448802400191,0.0319709604338205
0.483556977698172,0.286108759936937,1859,1859,0.00202409560648263,0.0338771665596074
0.47731972724488,0.285282132675493,1860,1860,0.0062917887636543,0.027593006289734
0.484689124201889,0.286255501598883,1861,1861,0.00743340154781051,0.0350178289848814
0.474127841211854,0.285874154599366,1862,1862,0.0105681655896208,0.0244705751287976
0.48096688364286,0.286873586853809,1863,1863,0.00691168331192308,0.0313791921747656
0.479695823372613,0.285629376036515,1864,1864,0.00177866657034693,0.0299892471105782
0.476918204329191,0.287876636071757,1865,1865,0.00357286232821543,0.0275175445134139
0.469315504472711,0.288498700787022,1866,1866,0.00762810655521408,0.0202254871198367
0.478696835949164,0.288108135055834,1867,1867,0.00938945801745132,0.0293096192020034
0.473133322733755,0.287962760641597,1868,1868,0.00556541220560998,0.0238149169302915
0.479939938384297,0.287791291888613,1869,1869,0.00680877508421727,0.0304857621974269
0.476776502128911,0.286179912259551,1870,1870,0.00355019341034423,0.027136810570847
0.475471862598727,0.288220069216517,1871,1871,0.00242163678382543,0.0261581726794464
0.471982565438545,0.288740736916123,1872,1872,0.00352792992071359,0.0228665667003701
0.475483314455924,0.288156155242189,1873,1873,0.00354922236781176,0.0261571109181651
0.473027750833242,0.289376632404743,1874,1874,0.00274214463684074,0.0240381483954682
0.479423408604412,0.287878656379979,1875,1875,0.00656874192648026,0.0299889840609715
0.476049357487497,0.288344743825842,1876,1876,0.00340609137381059,0.0267488813484189
0.479080091636977,0.288665568681223,1877,1877,0.00304766764471649,0.0297855191032364
0.474611895602706,0.287753722362978,1878,1878,0.00456028941063713,0.0252258523832587
0.476288879200025,0.288919625095946,1879,1879,0.0020424502854214,0.0271003423517833
0.476158834992791,0.287422041056092,1880,1880,0.00150321969527445,0.0266933161589918
0.479354117197552,0.287447263927755,1881,1881,0.00319538175517655,0.0298554843256816
0.473910408654323,0.28689889124819,1882,1882,0.00547125902323352,0.0243906765437496
0.474864817738935,0.287811252239515,1883,1883,0.00132034059215091,0.02548502642471
0.473418050783559,0.287301500130816,1884,1884,0.0015339432308571,0.0239706409797484
0.476467269757368,0.286229913397787,1885,1885,0.00323203256119753,0.0268352129456615
0.478660572036179,0.285817948816398,1886,1886,0.0022316562689083,0.028974380080468
0.479399283115604,0.287310469137428,1887,1887,0.00166532608445176,0.0298808479934354
0.478003314831101,0.286822031316289,1888,1888,0.00147895197909136,0.028431986344068
0.479407583723991,0.289281957346976,1889,1889,0.00283252664594546,0.0302263231932844
0.481848117031706,0.287839454319932,1890,1890,0.00283496345815958,0.0323799735588092
0.486630611530411,0.289450680197487,1891,1891,0.00504661296897621,0.037356169804343
0.486462394431247,0.28713454613031,1892,1892,0.00232223470165857,0.0368689820112047
0.492814522554417,0.286024510838126,1893,1893,0.00644838817403695,0.0431013090053728
0.488747571931442,0.287121950483133,1894,1894,0.00421241749404633,0.0391403030461319
0.491181945663009,0.287871910446539,1895,1895,0.0025472760768429,0.0416411534263392
0.491333255402275,0.286108405734495,1896,1896,0.00176998404134034,0.0416293157436076
0.494332225179135,0.286536492633955,1897,1897,0.00302936926042484,0.0446516166029515
0.485631458195591,0.286479467093807,1898,1898,0.00870095385656939,0.035976565637136
0.494338775906743,0.285476481854485,1899,1899,0.0087648936738124,0.0445903985614426
0.492071777180927,0.286413625677361,1900,1900,0.00245306375123225,0.042388383797153
0.496763341954143,0.289085589620551,1901,1901,0.00539908986172588,0.047327590036499
0.491743198151775,0.288140690241237,1902,1902,0.00510829508089414,0.0422297329182241
0.497236117411921,0.288146346287822,1903,1903,0.00549292217215494,0.0476892289430218
0.492536077245154,0.286700894134019,1904,1904,0.00491728680251178,0.0428741306590591
0.495874673555967,0.287636228722686,1905,1905,0.0034671423563695,0.0462833044012467
0.493483284728502,0.287778453299844,1906,1906,0.00239561440020571,0.0439185116599344
0.497265403777211,0.285752463260638,1907,1907,0.00429057806566513,0.0475275871486637
0.490539757579135,0.285578609142761,1908,1908,0.00672789283773166,0.0408029552939519
0.500388592694932,0.28326128441047,1909,1909,0.0101177837026226,0.0505798227467835
0.49533010541158,0.28338404384511,1910,1910,0.00505997662787382,0.0455218019121335
0.498833753363945,0.284302993620261,1911,1911,0.00362215649349436,0.0490383247080002
0.496191419284503,0.28500400524958,1912,1912,0.00273374225043642,0.0464194020363154
0.498075104179192,0.284032214941969,1913,1913,0.00211958608800085,0.0482742037684478
0.495848899367542,0.28304511174445,1914,1914,0.0024352331687064,0.0460401459900262
0.501125144678627,0.28269899217999,1915,1915,0.00528758577572481,0.0513182820129894
0.497215607693867,0.283551573794211,1916,1916,0.0040014216028949,0.0474083888361931
0.498490378615963,0.284877901613369,1917,1917,0.0018396158261152,0.0487119968308567
0.494646987834787,0.284458633609223,1918,1918,0.0038661917122839,0.0448570707182813
0.497708145819193,0.285102455575771,1919,1919,0.00312812962169148,0.0479388619180597
0.49568574030376,0.283966101791511,1920,1920,0.0023197896438807,0.0458840383261731
0.493670953245429,0.284013394384697,1921,1921,0.00201534202551071,0.0438704816377337
0.494986635004364,0.284245295533402,1922,1922,0.00133596281144506,0.0451909220129304
0.49585187990062,0.282806106899213,1923,1923,0.00167925955566076,0.046044313885844
0.491416018491122,0.284986033419286,1924,1924,0.00494256472665711,0.0416474342131874
0.496231499551654,0.282689298840484,1925,1925,0.00533515206623072,0.0464249459375358
0.489239131578463,0.28519754859732,1926,1926,0.0074286288583539,0.0394831502097315
0.49610275051315,0.284560366130074,1927,1927,0.00689313182647473,0.0463152139424208
0.491679396837181,0.283633978268153,1928,1928,0.00451931988394547,0.0418732608062834
0.495320968277495,0.283524631504334,1929,1929,0.00364321276755421,0.0455135915295016
0.494037319850954,0.284896010691939,1930,1930,0.001878412670091,0.0442627156601533
0.491304367288557,0.285353635759737,1931,1931,0.00277100169812117,0.0415537249856253
0.484571438947339,0.284410548280807,1932,1932,0.00679865707628219,0.0347852457596662
0.484874655630671,0.284781715782242,1933,1933,0.000479276195081461,0.0351035143452026
0.478844520022528,0.285116131741628,1934,1934,0.00603940141789566,0.0291018348576009
0.484605373647628,0.285297228638193,1935,1935,0.00576369938284171,0.0348624106504936
0.48594816734577,0.283461881551842,1936,1936,0.00227411385887939,0.0361405928003488
0.490126922161017,0.283096487928655,1937,1937,0.00419469954893315,0.0403180807066819
0.482094683743084,0.284182847174222,1938,1938,0.00810537046734797,0.0323021784100169
0.48509478181974,0.284256090180429,1939,1939,0.00300099200390692,0.0353030944892175
0.482992970251467,0.282862324281712,1940,1940,0.00252194275290906,0.0331853722169278
0.489775938162579,0.284753696682847,1941,1941,0.00704172871125836,0.039999042468413
0.491165429026576,0.284035509310203,1942,1942,0.0015641221062806,0.0413659320742898
0.49713032166671,0.284580737708311,1943,1943,0.00598975944545593,0.0473429311632391
0.490798462556121,0.28514200105705,1944,1944,0.00635668595598332,0.0410377433150192
0.496905890315566,0.283518322622408,1945,1945,0.0063195732052069,0.0470984137044774
0.491912823916483,0.285750066283113,1946,1946,0.00546913081145011,0.0421838780448198
0.499080950092868,0.284046920280563,1947,1947,0.00736768207692102,0.0492801509022495
0.499521292416452,0.283131837152082,1948,1948,0.00101551882994292,0.0497124145361171
0.502918599581726,0.281080530495449,1949,1949,0.00396857089829229,0.0531501904014897
0.497823019122128,0.283137469301434,1950,1950,0.00549508302683443,0.0480141391112665
0.495682011765436,0.284483318123848,1951,1951,0.0025288775285097,0.0458923750898418
0.492623768844161,0.283100770105648,1952,1952,0.0033562313371036,0.0428149193948445
0.497007775769093,0.280986949989055,1953,1953,0.00486700649302696,0.0472486308674496
0.49579320399656,0.282781456771283,1954,1954,0.00216689620934977,0.0459858329425349
0.498844166020875,0.281712279186139,1955,1955,0.00323287951869354,0.0490564833786113
0.497390275296021,0.280885712163853,1956,1956,0.00167242676436002,0.0476354450867311
0.499774380562674,0.281631716506918,1957,1957,0.00249809535493666,0.0499886924449903
0.495808695859568,0.281392342749838,1958,1958,0.00397290258627464,0.0460335471925931
0.500711892690469,0.28133424433269,1959,1959,0.00490354102548655,0.0509355396091121
0.499981288143833,0.27979357939438,1960,1960,0.00170511919105483,0.050284839097283
0.499221118640458,0.281846577771974,1961,1961,0.00218921447379315,0.0494295388462306
0.497119552244402,0.280864024771492,1962,1962,0.00231991200604408,0.047366074698047
0.493972953776569,0.282937518203111,1963,1963,0.00376834936394416,0.0441646030995493
0.493400670563781,0.285323375533075,1964,1964,0.00245353281506061,0.0436457168695505
0.497456784305485,0.284155438749268,1965,1965,0.0042209163716674,0.0476584165945342
0.495678670729981,0.284852771998712,1966,1966,0.00190996375572255,0.0459012206092835
0.500166502733542,0.284971685606208,1967,1967,0.00448940714774669,0.0503904014968187
0.504671117560389,0.283999860796848,1968,1968,0.00460825326976869,0.0548687494451083
0.504371138776959,0.28480548869889,1969,1969,0.000859664810875378,0.0545872329845486
0.504963340768192,0.284659894888257,1970,1970,0.000609836663472358,0.0551750022076503
0.502222414598734,0.285471482733142,1971,1971,0.00285855752021668,0.0524647251431395
0.499279039346031,0.285420703917697,1972,1972,0.00294381323563872,0.0495220427164924
0.503932164855113,0.283721008934132,1973,1973,0.00495384093814402,0.054126248154484
0.498527880584051,0.284654279109085,1974,1974,0.00548427585939161,0.0487420814512923
0.499195885008869,0.28350698867457,1975,1975,0.00132759378301681,0.0493882609630988
0.494004558841415,0.28478935351483,1976,1976,0.00534736635741599,0.0442259085797053
0.494246349831315,0.282731838402071,1977,1977,0.00207167355585522,0.0444394754612364
0.494764541762809,0.284786104428446,1978,1978,0.00211861553496223,0.0449852627812113
0.49979108838865,0.284804911189048,1979,1979,0.00502658180834675,0.0500094510868193
0.500770636793191,0.283362050267955,1980,1980,0.00174395031880389,0.0509621770500361
0.503709169729144,0.280601258819652,1981,1981,0.00403199023271338,0.0539607190880642
0.50005593543913,0.283725656633733,1982,1982,0.00480707629213038,0.0502503001788432
0.50219396847284,0.282674279064523,1983,1983,0.00238255745917567,0.0523872852290631
0.499417352933372,0.28172879810883,1984,1984,0.00293317713266634,0.0496289482009896
0.500827541708096,0.280892989815686,1985,1985,0.00163927053387981,0.0510687507630303
0.496713986743277,0.283735203772446,1986,1986,0.00499995146222355,0.0469087001103327
0.501296623821836,0.283110339782036,1987,1987,0.00462504244308063,0.0514877596546551
0.497519237980422,0.282402588143236,1988,1988,0.00384311802800018,0.0477162773649431
0.503226160547834,0.28276700852744,1989,1989,0.00571854591717662,0.0534186819286081
0.500133222915915,0.282361749475794,1990,1990,0.00311937463185801,0.0503305812730509
0.500905125659671,0.282434322039011,1991,1991,0.000775306792663487,0.0511013156526659
0.502463286955605,0.281045623446015,1992,1992,0.00208718719963796,0.0526966128021159
0.499711509382649,0.282852097088137,1993,1993,0.00329175133184416,0.0499035417671797
0.501633225782893,0.280531133944077,1994,1994,0.00301328124127975,0.0518906907663872
0.506289474922245,0.280364969490417,1995,1995,0.00465921309593932,0.0565494290842067
0.496186976465632,0.283470291638478,1996,1996,0.0105689876861082,0.0463791695943904
0.502153551412268,0.282400832332597,1997,1997,0.00606166312168202,0.0523500917629416
0.503033392050227,0.283494619129376,1998,1998,0.00140374111039452,0.0532255967224762
0.50174912945528,0.282184231800641,1999,1999,0.00183478755284852,0.0519493054834203
0.503042130310602,0.284266467364033,2000,2000,0.00245103165081954,0.0532448628366658
0.505241725901688,0.283603785117528,2001,2001,0.00229725238582119,0.0554346648149352
0.497201240035581,0.284786788633801,2002,2002,0.00812704806695475,0.0474204634262215
0.500319338237027,0.28437347655273,2003,2003,0.00314537172210582,0.0505251655233293
0.504104435386783,0.282660910364679,2004,2004,0.00415449676634213,0.0542977945906149
0.506619041073533,0.282230157320397,2005,2005,0.00255123302443953,0.0568176750789195
0.502571021471379,0.28323073672726,2006,2006,0.00416984674165081,0.0527621937813131
0.506624418278259,0.282456646987665,2007,2007,0.00412665004561475,0.0568198191281504
0.505737120557743,0.281268521777384,2008,2008,0.00148288191038208,0.0559600225174974
0.511141698570109,0.281906713522479,2009,2009,0.00544212754308954,0.0613455041054952
0.511962948637315,0.283524297043188,2010,2010,0.00181411910285796,0.0621551666071384
0.511896855974565,0.279590186999438,2011,2011,0.00393466517970801,0.0621901895316626
0.506604758030549,0.282081476952514,2012,2012,0.00584917312783264,0.0568060074908289
0.506317903452782,0.282368063985226,2013,2013,0.00040548449551603,0.0565144905856671
0.50561690126078,0.283440601098343,2014,2014,0.00128130399679608,0.0558087523792095
0.506572079602872,0.284046926370985,2015,2015,0.00113136908276997,0.0567702138193898
0.504539076124899,0.284049520664005,2016,2016,0.0020330051332468,0.0547375133327194
0.508196241042797,0.281877763731243,2017,2017,0.00425339669108176,0.0584013121704127
0.508262024009438,0.283012995207141,2018,2018,0.00113713583294601,0.0584533119544699
0.509510341198805,0.281105068070828,2019,2019,0.00228001793035693,0.0597366192931024
0.509904698506609,0.281451965667601,2020,2020,0.000525219600610326,0.0601199232238185
0.514361431219698,0.282376882447503,2021,2021,0.00455169611525903,0.0645572300028819
0.510551996777023,0.283041858737444,2022,2022,0.00386703817400678,0.0607432179662867
0.514058251812082,0.282697898640099,2023,2023,0.00352308570991958,0.0642509902373698
0.515093066258315,0.284474964197827,2024,2024,0.00205640534297046,0.0652975389949755
0.516647602269745,0.282190703387598,2025,2025,0.00276304716933738,0.0668456656637523
0.513964335003818,0.282138436678012,2026,2026,0.00268377626290436,0.064163495163312
0.515807296585402,0.281778453212707,2027,2027,0.00187779005389056,0.066012754072879
0.51313966653868,0.284129029745912,2028,2028,0.00355548310425341,0.0633382833668323
0.519885421806986,0.282596236261311,2029,2029,0.00691770699049284,0.0700787613258437
0.519138254100468,0.283273839787833,2030,2030,0.00100866551483486,0.0693294740855364
0.515634046967561,0.283024477312163,2031,2031,0.00351306835609401,0.0658252921139786
0.519949331165333,0.28302002482429,2032,2032,0.00431528649479829,0.070140576814809
0.515779853082885,0.281998492998474,2033,2033,0.00429279335062524,0.0659810950957862
0.513234039754398,0.283315489172022,2034,2034,0.00286629454603693,0.0634253614620762
0.518730108069169,0.2812775859049,2035,2035,0.00586172471605165,0.0689467731277426
0.513789157920579,0.285154523230998,2036,2036,0.00628041649903391,0.0640115322437664
0.517436884745359,0.282376703946802,2037,2037,0.00458499628831626,0.0676324726871253
0.512947807547723,0.283546115405779,2038,2038,0.00463889396804059,0.063140139950426
0.518279420487435,0.282204546862475,2039,2039,0.00549780889948772,0.0684771249352871
0.517155870867807,0.28247352288229,2040,2040,0.00115529729810237,0.0673504291600876
0.516012813510026,0.283682829330004,2041,2041,0.00166403191305259,0.0662060397872463
0.521811627074251,0.282350919533957,2042,2042,0.0059498086067912,0.0720072264666491
0.521448525240971,0.282240649048759,2043,2043,0.000379476641227333,0.0716454687980956
0.516255388045503,0.284048635460253,2044,2044,0.0054988625001089,0.0664525227179153
0.519199581350369,0.284502903606792,2045,2045,0.00297903235386605,0.069403801103299
0.513859851966803,0.284411862579281,2046,2046,0.00534050544035035,0.0640633120991209
0.521809566220369,0.283220837386745,2047,2047,0.00803843876151398,0.0720007139356385
0.521346859081823,0.283006365147633,2048,2048,0.000509996311174281,0.071538129171668
0.519468281131113,0.282423700569737,2049,2049,0.00196686377952991,0.069663229932631
0.519728297027995,0.282883308749459,2050,2050,0.000528060550977809,0.0699199394033832
0.518183830714957,0.28479233552026,2051,2051,0.00245555684188808,0.0683945645697269
0.515294809931373,0.286381076416126,2052,2052,0.003297050002984,0.0655653747724604
0.515795225231168,0.283231302748869,2053,2053,0.00318927728916949,0.0659863871182749
0.511642321973627,0.283879057363803,2054,2054,0.0042031168800861,0.0618376857055614
0.513183892640208,0.283099028292733,2055,2055,0.00172768210958458,0.0633750338096503
0.513915272656824,0.283275402065796,2056,2056,0.000752345955349152,0.0641065039617024
0.50878800818324,0.284642146995523,2057,2057,0.00530630122448896,0.0589978875813682
0.51210655991521,0.282745965697704,2058,2058,0.00382207916087019,0.0622990154997242
0.506119556619071,0.283854553343235,2059,2059,0.00608877451017901,0.0563150268175024
0.51043371899474,0.285472664420392,2060,2060,0.00460763284796611,0.060669146252926
0.511635559773792,0.285458945116207,2061,2061,0.00120191908109503,0.0618696137502553
0.515734081103973,0.286123213673192,2062,2062,0.00415200310810925,0.0659920137444348
0.510374625983879,0.286891117407823,2063,2063,0.00541418833528709,0.0606809082795604
0.508448517520146,0.286232159303151,2064,2064,0.00203571107915067,0.0587203510477783
0.505937883574383,0.286438423909717,2065,2065,0.00251909267347246,0.0562249928924748
0.508160680407507,0.285307939508907,2066,2066,0.00249375635173586,0.058391525031133
0.507717469892545,0.285659768842263,2067,2067,0.000565879351436308,0.0579627599751516
0.510553504081808,0.28505303954675,2068,2068,0.00290020867537133,0.0607742873367339
0.505465691073249,0.283590748976188,2069,2069,0.00529378266675302,0.0556585189178375
0.511561020100938,0.284595793923507,2070,2070,0.00617763314724293,0.0617689581371233
0.507850038463898,0.28515712799717,2071,2071,0.00375319605838825,0.0580756991809549
0.505938203429353,0.288294117500124,2072,2072,0.00367366524617601,0.0563641533902139
0.503946385173512,0.286950069714206,2073,2073,0.00240287419877404,0.0542704026595971
0.506990297697083,0.28596316865212,2074,2074,0.0031999026793788,0.0572503592237951
0.510887114544277,0.284276901003275,2075,2075,0.00424601932686605,0.0610885462571321
0.513662561273453,0.285016564837598,2076,2076,0.00287231738049573,0.0638808270333062
0.511195208284401,0.285849515278753,2077,2077,0.00260415767763848,0.0614454622495366
0.516169087920615,0.286341543304247,2078,2078,0.00499815668155952,0.0664366990315624
0.516538612096046,0.284834706090931,2079,2079,0.00155148525731419,0.0667508826349804
0.517749025940491,0.285264941864399,2080,2080,0.00128460285520357,0.0679729181990408
0.516712148886656,0.284738633223789,2081,2081,0.00116280471703212,0.0669220212714173
0.519584768568638,0.284667531029074,2082,2082,0.00287349949702573,0.0697922912344776
0.521059528239724,0.285237888046079,2083,2083,0.00158120941507035,0.0712811024458523
0.525454251873306,0.282971440636455,2084,2084,0.00494473251816007,0.0756455900381075
0.51979563832353,0.283609394160954,2085,2085,0.00569446152020715,0.0699882346220793
0.522856050939671,0.283407219361737,2086,2086,0.00306708330999826,0.0730476056288024
0.518055602433629,0.285909754738254,2087,2087,0.00541359300002106,0.0683023202521805
0.522968905363846,0.284148831937418,2088,2088,0.00521932896018106,0.0731667811406905
0.514923068111737,0.286926773426317,2089,2089,0.00851190084547381,0.0652233720148472
0.515681054424855,0.286783929779127,2090,2090,0.000771328437448954,0.0659720910261618
0.517214442274401,0.286409971835937,2091,2091,0.00157832912930433,0.067484134980995
0.521412478789511,0.28576432146967,2092,2092,0.0042473962586097,0.0716511469925195
0.52020274742405,0.284482784739347,2093,2093,0.0017623241381045,0.0704063980103859
0.521379531370716,0.283927097210026,2094,2094,0.00130138737022213,0.071574819901007
0.515168077628951,0.286950115522653,2095,2095,0.00690802412449181,0.0654693220829841
0.520520411759524,0.28750327466771,2096,2096,0.00538084246982353,0.070845136862732
0.515730210474019,0.286914752856919,2097,2097,0.00482621863133294,0.0660284940114213
0.525172470270745,0.284445135234595,2098,2098,0.00975988121184664,0.0753746403420799
0.521997680685001,0.286225489744371,2099,2099,0.00363991086350051,0.0722540960191781
0.521943023462694,0.286270277364871,2100,2100,7.06635896367505e-05,0.0722014072184592
0.518541290975309,0.286643880331661,2101,2101,0.00342218688743396,0.0688209321783926
0.520490643325961,0.286648343254819,2102,2102,0.00194935745943973,0.0707680663122293
0.512550576396348,0.28600773039212,2103,2103,0.00796586766690145,0.0628065430674689
0.515591925729703,0.285594482532692,2104,2104,0.00306929626475252,0.0658282837602032
0.513712035519493,0.28606023440862,2105,2105,0.00193672713937062,0.0639691882704529
0.5176180299228,0.284533951902086,2106,2106,0.00419360591477231,0.067823179671286
0.509914310274677,0.287472617709575,2107,2107,0.00824518363318719,0.0602603501109411
0.518386280508505,0.287082473592899,2108,2108,0.00848094877208002,0.0686898069493877
0.515046894640621,0.28615304483534,2109,2109,0.00346631443899688,0.0653068933175031
0.520619580290278,0.285979708740298,2110,2110,0.00557538077190536,0.070867040896733
0.512815787522416,0.288272720943852,2111,2111,0.00813370066632485,0.0632144580347649
0.51164615851244,0.288544537840746,2112,2112,0.00120079825383646,0.0620717547019868
0.508411253893419,0.287906475993558,2113,2113,0.00329723077976033,0.0587947322830704
0.508153490672397,0.286060692424761,2114,2114,0.0018636949484697,0.0584169500432891
0.509988517588831,0.287864299993681,2115,2115,0.00257299903744701,0.0603636647081956
0.511985640980496,0.286046491500875,2116,2116,0.00270054245625777,0.0622439852299689
0.513821386392004,0.286499873549833,2117,2117,0.00189090361948801,0.0640998681516005
0.514726771260204,0.285982032922597,2118,2118,0.0010430151843487,0.0649794428210188
0.512035603532449,0.286905485739481,2119,2119,0.00284519750525718,0.0623396803272825
0.513007089627937,0.287211834495874,2120,2120,0.00101864360512838,0.063328322850216
0.507670518158647,0.288898010556199,2121,2121,0.00559662262022768,0.0581460095032618
0.510773848040883,0.288438127768112,2122,2122,0.00313721987382993,0.0611935064748464
0.515821386271781,0.287310950447567,2123,2123,0.00517186338801925,0.0661432376626231
0.511241203803352,0.28663385880343,2124,2124,0.00462995945324225,0.0615307809023679
0.515574116623917,0.289306240360806,2125,2125,0.0050907520759528,0.0660523403624952
0.511759307644557,0.28853096670892,2126,2126,0.00389279035966657,0.0621833023005446
0.511327283727619,0.288889579772848,2127,2127,0.000561469495544079,0.0617851636736298
0.511559877934753,0.289036797756766,2128,2128,0.000275269322629451,0.0620305451172785
0.508509934246032,0.291077067338755,2129,2129,0.00366944906921432,0.0592332914265575
0.509439504197282,0.286695067173457,2130,2130,0.0044795117750636,0.0597356479802587
0.507983270470439,0.290540991827713,2131,2131,0.00411239019469287,0.058641468131895
0.51074197286909,0.286424089153047,2132,2132,0.00495573673200981,0.0610207556021539
0.51082106644253,0.289810591739499,2133,2133,0.00338742609681762,0.0613741968376413
0.510737269226047,0.286517723793306,2134,2134,0.00329393401338762,0.0610211480541703
0.512543623287692,0.288457320745314,2135,2135,0.00265046247516533,0.062958471251876
0.514869173927295,0.287356191893883,2136,2136,0.00257306636618884,0.0651958350164327
0.513926530443468,0.288780194056871,2137,2137,0.00170773501978355,0.0643639868052829
0.50813249920811,0.288508571363603,2138,2138,0.00580039454208075,0.0585688642380776
0.510572853278654,0.290355784437935,2139,2139,0.00306064113080936,0.0611892203989414
0.512665224746645,0.288743827705467,2140,2140,0.00264129189364099,0.0631043732354004
0.51432550650623,0.290245299100381,2141,2141,0.00223851555075157,0.0649051324609446
0.511651162321618,0.28801443353328,2142,2142,0.00348265387258708,0.0620329581065921
0.510420462752461,0.290221774206837,2143,2143,0.00252724638265913,0.0610222257624275
0.512082244110051,0.287480755330068,2144,2144,0.00320541756456731,0.062423467211166
0.512058978001999,0.288940936447608,2145,2145,0.00146036646353015,0.0625184682448509
0.509280887834863,0.286899678735701,2146,2146,0.00344739293135473,0.05958982146385
0.510991075493401,0.288643402154719,2147,2147,0.00244239906433196,0.0614279279737443
0.509663729806287,0.288872643366255,2148,2148,0.00134699595625428,0.0601273775149519
0.516211398131289,0.289292106127324,2149,2149,0.00656109057262272,0.0666855758384809
0.516230062515461,0.287573122748144,2150,2150,0.00171908470330374,0.0665679999096808
0.517137651741422,0.286893709233187,2151,2151,0.00113371995104085,0.0674325283802388
0.506891469033076,0.290097199703014,2152,2152,0.0107352974473509,0.0575032585421038
0.509986510690374,0.288755067434526,2153,2153,0.00337351476749855,0.060437694137638
0.504726918507947,0.288105809690442,2154,2154,0.00529951370822887,0.0551407974551788
0.504267250746016,0.288411546939993,2155,2155,0.000552059523169481,0.0547115335363416
0.504453243995719,0.287660767242869,2156,2156,0.0007734750432619,0.0548298637153155
0.502559091442927,0.289169422050324,2157,2157,0.0024215394321187,0.0530920478200938
0.498826595453129,0.289764386304834,2158,2158,0.00377961754387966,0.0494613856343958
0.503028497979178,0.29031429707794,2159,2159,0.00423773367459484,0.0536990894868798
0.500553795133964,0.289561923205307,2160,2160,0.00258654607852456,0.0511478548735678
0.505709088005773,0.288577396646435,2161,2161,0.00524846045419531,0.0561626416594082
0.503356023581922,0.289814320937308,2162,2162,0.0026583630083461,0.0539597204588756
0.501403557843515,0.29004908227095,2163,2163,0.00196652875479257,0.0520533164952377
0.504905898969059,0.289703696594862,2164,2164,0.0035193301386656,0.0554849084434862
0.502157285179158,0.289500858739226,2165,2165,0.00275608798149011,0.0527317109592718
0.505821376051573,0.289238684445945,2166,2166,0.00367345849049308,0.0563419777992358
0.506971332982888,0.292031119875154,2167,2167,0.00301994976285722,0.0578475813702601
0.505355955579825,0.291252155528137,2168,2168,0.00179338495818693,0.0561342290495251
0.505905382470312,0.292981244600684,2169,2169,0.00181428193200202,0.0569507246873212
0.502322365383632,0.293235195036087,2170,2170,0.0035920053267058,0.0534723218013994
0.504923926303503,0.29241777497268,2171,2171,0.00272695705500913,0.0558880933352708
0.50033841049843,0.292190215806785,2172,2172,0.00459115871785689,0.0513310817888284
0.507713484652945,0.292024438969711,2173,2173,0.00737693708420341,0.0585800419078129
0.503055129225718,0.290046189330522,2174,2174,0.00506100256088909,0.0536904101253932
0.508250600755499,0.28939754227423,2175,2175,0.00523580628178727,0.058774244204225
0.505475073356208,0.289061230439722,2176,2176,0.00279582867755596,0.0559787097509686
0.510017745168409,0.288458064216817,2177,2177,0.00458254041835073,0.0604420088405657
0.511367663229442,0.288463435251114,2178,2178,0.00134992874608687,0.0617872946011719
0.514253379496441,0.289721194675271,2179,2179,0.00314790678748309,0.0647782103287355
0.514898008622453,0.28880650717564,2180,2180,0.00111901739579117,0.0653340731725719
0.51068181562027,0.290250270574799,2181,2181,0.00445653858778425,0.0612851202690768
0.509801154913616,0.288804468878179,2182,2182,0.00169289864616671,0.0602577504955697
0.508356534570764,0.289092829076678,2183,2183,0.00147311898333445,0.0588480500795761
0.50684733567659,0.288664526189334,2184,2184,0.00156879720342801,0.0573039884157074
0.508168888755483,0.289443974349059,2185,2185,0.00153428875184191,0.0586979522955332
0.505331016983406,0.289259157506654,2186,2186,0.00284388351730236,0.0558567452992498
0.509877018666552,0.290215765926149,2187,2187,0.00464556035063732,0.0604817697273351
0.501861524863885,0.289158836255684,2188,2188,0.00808487731687446,0.0523978180789997
0.50562257915023,0.28933559337593,2189,2189,0.00376520549563976,0.0561549321587092
0.510546475873328,0.286898396795743,2190,2190,0.0054940591651533,0.0608528803771258
0.510914964752063,0.288734237264599,2191,2191,0.00187245675005822,0.0613603156088214
0.504217608069232,0.289956661841262,2192,2192,0.00680800325959732,0.0548322967207975
0.501624452524194,0.291527380330162,2193,2193,0.00303176718303593,0.0524877207004884
0.500035169579535,0.289699768662922,2194,2194,0.00242197949710901,0.0506509854231792
0.495593770719189,0.290511234672497,2195,2195,0.00451491981339465,0.046372186112598
0.4984491860061,0.288007260876262,2196,2196,0.00379779952511479,0.0488817940323422
0.501153773896081,0.288830504675004,2197,2197,0.00282710558819396,0.051657685919686
0.494616613498114,0.286254583457169,2198,2198,0.00702636721138608,0.0449148543309027
0.493837472688277,0.287918493680332,2199,2199,0.00183729628320973,0.0442855929475177
0.500306438463704,0.2871065299649,2200,2200,0.00651972417198941,0.0506519773366976
0.499266992953639,0.285992074064793,2201,2201,0.00152396158799307,0.0495394519530166
0.504058985907353,0.286270314411957,2202,2202,0.00480006397449379,0.0543395149006171
0.499562310552949,0.287062481569655,2203,2203,0.00456591918989428,0.0499066831170831
0.496461392617194,0.287261747492517,2204,2204,0.00310731378401022,0.0468329727895886
0.493100527208958,0.289006213882259,2205,2205,0.0037866316532268,0.0436853605819951
0.49558002336927,0.287884523418027,2206,2206,0.00272141336561561,0.0460149084466071
0.500498391608891,0.288787058230154,2207,2207,0.00500049149860433,0.0510015063194447
0.500947031449396,0.287895236488197,2208,2208,0.000998310435643901,0.0513574356812235
0.500170152467192,0.288007079375517,2209,2209,0.000784888389795119,0.0505945294684411
0.492836357025536,0.28816332789234,2210,2210,0.00733545971150198,0.0433180487386249
0.496183014253315,0.288200438105323,2211,2211,0.00334686297421266,0.046647861907229
0.497582812330572,0.287193627879032,2212,2212,0.00172426839234945,0.0479443850994613
0.49877005415465,0.289028519618588,2213,2213,0.00218549098481999,0.049312291668334
0.49841441682027,0.289065970399154,2214,2214,0.000357603795520054,0.0489637124149604
0.496597196119457,0.288338233303061,2215,2215,0.00195752199387231,0.0470746094571821
0.496445714804417,0.288492875493194,2216,2216,0.000216473545209385,0.0469413879105234
0.500867326749998,0.288839212657099,2217,2217,0.00443515519778116,0.0513739457612492
0.498075755161118,0.288248968965435,2218,2218,0.0028532892512658,0.0485349982610586
0.494024465662963,0.288542114159154,2219,2219,0.004061881423979,0.0445426280789593
0.497555010047031,0.289236551814709,2220,2220,0.00359819222740098,0.0481319622019534
0.498287416733867,0.288832049009552,2221,2221,0.000836685170360793,0.0488098807666281
0.496140870771232,0.288410702608241,2222,2222,0.00218750825360781,0.0466292000566337
0.491570652836574,0.290465501364277,2223,2223,0.00501089711509596,0.0423969138456428
0.496003348615313,0.290241201334115,2224,2224,0.0044383670837795,0.046734912716086
0.492891989402183,0.288897772495242,2225,2225,0.00338900534054548,0.0434642487563538
0.49311542415565,0.288241976917231,2226,2226,0.000692813776707154,0.0436043623957777
0.491441588218883,0.288473285413261,2227,2227,0.00168974269152068,0.04197109935991
0.503748675164896,0.287205631208639,2228,2228,0.0123722001389893,0.0540917186960156
0.503767292499251,0.28801876727613,2229,2229,0.00081334916818857,0.0541772321052169
0.503901622593444,0.288740169404528,2230,2230,0.000733802156622175,0.0543803808137984
0.502111767636339,0.287563666823836,2231,2231,0.00214190081232739,0.0524884157388644
0.504210235377506,0.286793404113232,2232,2232,0.00223536831508114,0.054522929411116
0.506883160593506,0.286407157756024,2233,2233,0.00270068796027627,0.057166895142342
0.505034283884258,0.287262503466643,2234,2234,0.00203714539752932,0.055377990218534
0.507274044489634,0.284543014408033,2235,2235,0.00352308789406344,0.0574819377395862
0.506192320051186,0.285725358109,2236,2236,0.00160251813966363,0.0564420237087682
0.506830459760812,0.287690543473285,2237,2237,0.00206619839439523,0.0572017240775446
0.506388439670287,0.287632927608778,2238,2238,0.000445759294092851,0.0567565314366984
0.507923270132554,0.288040145742429,2239,2239,0.00158793298229996,0.058319404654915
0.506375551506096,0.289729890205715,2240,2240,0.00229143389559714,0.0569475694847125
0.507473213064999,0.287517196807306,2241,2241,0.00246999452899283,0.0578291394134573
0.509343483887113,0.286919470728073,2242,2242,0.00196346362681998,0.0596535398146915
0.509441735731308,0.289211609593088,2243,2243,0.0022942436665275,0.0599396986797588
0.511587848075922,0.288146249699508,2244,2244,0.00239599455311477,0.0619803158698668
0.507126845687211,0.28741836028938,2245,2245,0.00451999616210729,0.0574763481985781
0.511010351714121,0.285191569378728,2246,2246,0.00447663007415322,0.0612353657906296
0.50575837121398,0.287145983488955,2247,2247,0.00560384097634072,0.0560916958478704
0.50881604446349,0.285921638116034,2248,2248,0.00329368900975254,0.0590720151183303
0.505782871786105,0.285802910512376,2249,2249,0.00303549546774581,0.0560366155007915
0.509649238158692,0.284660749145824,2250,2250,0.00403154083624493,0.0598593128559858
0.511505393736907,0.286212415116805,2251,2251,0.00241929345389089,0.0617722525090782
0.508487031350894,0.285025610182061,2252,2252,0.00324330347738642,0.0587079781425871
0.507522450752927,0.286406822383482,2253,2253,0.00168468479999329,0.0578051421458579
0.508834125671883,0.286420179304577,2254,2254,0.0013117429246461,0.0591155215878651
0.510152367803131,0.286985343054874,2255,2255,0.00143428462351441,0.0604649703636163
0.506782357425078,0.285149206324231,2256,2256,0.00383775559954059,0.0570083873469397
0.502740228283877,0.286969488512121,2257,2257,0.00443308416767589,0.0530686590214843
0.502837862713826,0.286338521735673,2258,2258,0.000638475962658673,0.0531244917016043
0.501733323970781,0.287419658250886,2259,2259,0.00154559438385824,0.0520993320135407
0.505017864716277,0.285908035097273,2260,2260,0.00361568976370527,0.0552776123430608
0.505486909876061,0.286162192369525,2261,2261,0.000533478472812739,0.0557592124524852
0.502889060867536,0.286199361211163,2262,2262,0.00259811489235586,0.0531674463947984
0.501930225676749,0.287594734206792,2263,2263,0.00169305366720101,0.0523101457151711
0.502099937533249,0.285590527460105,2264,2264,0.00201137932715377,0.0523477729187373
0.498455861938744,0.287516251337561,2265,2265,0.0041216136877039,0.0488421407595447
0.502785311630591,0.287539590054393,2266,2266,0.00432951259727152,0.0531576174374564
0.496766152469817,0.287645010678492,2267,2267,0.00602008226776912,0.0471715079177192
0.501632337188153,0.285844666410493,2268,2268,0.00518854441980396,0.0518932383772774
0.50110388988218,0.286700386877952,2269,2269,0.00100574055979536,0.0514174297816315
0.498138685084027,0.285812807918684,2270,2270,0.00309519561642323,0.0484028630451972
0.49788897091821,0.288852353908381,2271,2271,0.00304978638401095,0.0484165474195039
0.49479694647432,0.287101473854492,2272,2272,0.00355333591498521,0.0451608859029071
0.495257201074899,0.287343127090167,2273,2273,0.00051983707415545,0.0456409404075348
0.490332794974746,0.288912867649339,2274,2274,0.00516854533329601,0.0409310142529571
0.491434563396998,0.291433270797279,2275,2275,0.00275069549103816,0.0424409912778005
0.494437185204869,0.289168308786998,2276,2276,0.00376108902169572,0.0450316890294492
0.493169430153762,0.290852223339056,2277,2277,0.0021077881981455,0.0440385541338624
0.497500534323775,0.28704087712224,2278,2278,0.00576930007158058,0.0478497510259683
0.495703418144162,0.290476946104184,2279,2279,0.00387765349299113,0.0464750332906973
0.490994168569804,0.288291561167978,2280,2280,0.0051916219886451,0.0415044413411039
0.49240659483943,0.28852005748265,2281,2281,0.00143078947890607,0.0429343200034239
0.493293693476066,0.286219832862284,2282,2282,0.00246535540952242,0.0435927276870595
0.487945804511155,0.289675497586749,2283,2283,0.00636722349764197,0.0386904394285179
0.4884047598197,0.287088983000387,2284,2284,0.0026269179052081,0.0387959149627943
0.487053462948423,0.28930693159561,2285,2285,0.00259717138544453,0.0377493437479001
0.484961105124451,0.288409674580266,2286,2286,0.0022766272016122,0.0355428912811927
0.485105540747986,0.290692739899432,2287,2287,0.00228762953751772,0.0360926767924904
0.490502744374868,0.288336877099791,2288,2288,0.00588896395987991,0.0410225414300441
0.490100125374208,0.289802072144952,2289,2289,0.00151950603159642,0.0408359691440432
0.491680164236218,0.287160887218464,2290,2290,0.00307772328538,0.0420625309026553
0.487982155051692,0.28824990947931,2291,2291,0.00385502806908832,0.0385118603900208
0.486269526002312,0.2874638051811,2292,2292,0.00188442517188692,0.0367144367082799
0.49224502952886,0.285961891418947,2293,2293,0.00616136245847683,0.0425289172530585
0.491440194357967,0.287216208332724,2294,2294,0.00149032565987913,0.041828994145037
0.490729253619167,0.288036134569483,2295,2295,0.00108522613671559,0.0412105389311165
0.489041860157465,0.286362166924977,2296,2296,0.0023768601913963,0.0393638992574615
0.491432256942004,0.285712857587939,2297,2297,0.00247701421124286,0.04170193284272
0.491459501895695,0.286094726791843,2298,2298,0.000382839883491593,0.0417542794306281
0.494624715777062,0.287106084502341,2299,2299,0.00332286372476874,0.0449897215670639
0.492358382269621,0.28582497673519,2300,2300,0.00260336410784378,0.0426332278618026
0.489502862188121,0.28760880942763,2301,2301,0.00336690570263939,0.0399431366117146
0.489185608758104,0.287846712682681,2302,2302,0.000396544698138435,0.0396553245739458
0.489031029901331,0.288496645462802,2303,2303,0.000668062303708249,0.039584301077607
0.491263173826648,0.286969724913582,2304,2304,0.00270443207845164,0.0416295002145288
0.48729094236384,0.288458804436498,2305,2305,0.00424216697216092,0.0378555408713654
0.48838841397916,0.288200859992243,2306,2306,0.00112737716969745,0.0389081924432575
0.491734261527709,0.287547443772987,2307,2307,0.00340905391182398,0.0421549120260293
0.490873275109966,0.286619237703384,2308,2308,0.00126604270038113,0.0412103108831489
0.493943358108655,0.287275398240821,2309,2309,0.0031394197345577,0.0443264582849298
0.489107893279963,0.287666579107707,2310,2310,0.00485126195748483,0.0395572040199873
0.490195346915148,0.287431132700878,2311,2311,0.00111265017825329,0.0406122802726013
0.488229443662636,0.286174281385767,2312,2312,0.00233333470092342,0.0385390639118831
0.49084168992514,0.28703393489352,2313,2313,0.0027500608519367,0.0412158027589645
0.48960157521749,0.286212075163988,2314,2314,0.00148772910946715,0.0399099989586397
0.492036839418194,0.286355725589069,2315,2315,0.00243949731950212,0.0423491332588621
0.489306899587601,0.285316110926373,2316,2316,0.00292119327083086,0.0395571297091911
0.49054100972292,0.284987678623805,2317,2317,0.00127706523070142,0.0407733642195986
0.491473277309723,0.285325609603453,2318,2318,0.000991625030144774,0.0417209312894015
0.494154670491974,0.286199824295276,2319,2319,0.00282030507662147,0.0444502391672354
0.491047330464698,0.284801885355253,2320,2320,0.00340731497298707,0.0412713449255356
0.489070011304668,0.286757617890989,2321,2321,0.00278112941301878,0.0394261298013801
0.491256226404718,0.284826571676953,2322,2322,0.002916929197706,0.0414810630335668
0.491332802892281,0.285362016500096,2323,2323,0.000540892888729954,0.0415825648622554
0.493741021229981,0.285381363646092,2324,2324,0.00240829605200289,0.0439885478860779
0.490785958187332,0.285686001458687,2325,2325,0.00297072411760037,0.0410552059257684
0.492311925695767,0.284873029507751,2326,2326,0.00172901712825704,0.0425377771764002
0.494967372787791,0.285085312519552,2327,2327,0.00266391879298942,0.0451997544707786
0.49173213648674,0.284901209176744,2328,2328,0.0032404703307504,0.0419596316610666
0.486516875056893,0.286514816264793,2329,2329,0.00545918305392344,0.0368614892789382
0.486808092521424,0.284463939409257,2330,2330,0.00207144961035018,0.0370223786619508
0.489314239213677,0.286085293629069,2331,2331,0.00298488873313474,0.0396139316504237
0.487706461662583,0.285494526227706,2332,2332,0.00171287908981194,0.0379697626815859
0.490028609190514,0.287144775117314,2333,2333,0.00284880510725656,0.0404171973372203
0.488663618749442,0.286234361783536,2334,2334,0.00164074719031858,0.0389766204580697
0.489808777563475,0.286288278468859,2335,2335,0.00114642737158222,0.0401224756462686
0.485891578289199,0.287620590466816,2336,2336,0.00413757240592736,0.0363580551296607
0.48487082008964,0.288058518067126,2337,2337,0.00111073303951848,0.0354032521572427
0.492639208398117,0.287396512799168,2338,2338,0.00779654461194736,0.043039896495818
0.492126820429182,0.286840366316909,2339,2339,0.00075620125657005,0.042478165214002
0.48503285107405,0.286456820738118,2340,2340,0.00710433025855124,0.035378442838923
0.486726316831225,0.286954929112313,2341,2341,0.00176520203466009,0.0371125490451945
0.486523448151382,0.285779244281153,2342,2342,0.00119305931264236,0.0368082782399918
0.490340857544777,0.286793307231933,2343,2343,0.00394980229187827,0.0406949990280968
0.489999001924713,0.285727521468975,2344,2344,0.00111926965360997,0.0402724080960304
0.492118049149895,0.288533547863119,2345,2345,0.00351626865685512,0.042649751151135
0.490424389506644,0.288031934572209,2346,2346,0.00176638016315682,0.0409073363453068
0.488040664673078,0.28932948411791,2347,2347,0.00271399685071797,0.038727269058421
0.493671278403235,0.287938676396365,2348,2348,0.00579984112683671,0.0441225506650901
0.490295456729706,0.28758129032106,2349,2349,0.00339468655081652,0.0407278826236866
0.494148926327867,0.287340499913949,2350,2350,0.00386098536180965,0.0445372121414046
0.489347680284094,0.287268689179015,2351,2351,0.00480178303909078,0.0397522860949984
0.48820773922145,0.288079554386124,2352,2352,0.00139891672747222,0.0387134313093999
0.489169922523101,0.288391326676424,2353,2353,0.00101143396570184,0.0397078999853642
0.489055420977237,0.287876652107824,2354,2354,0.000527257541974552,0.039529619885186
0.488955770066664,0.288174744863362,2355,2355,0.000314308120929462,0.0394674941861243
0.485897296563036,0.287352563824568,2356,2356,0.00316705570411155,0.0363317844909833
0.484375485347777,0.28881398772497,2357,2357,0.00210989791022094,0.0350268676594278
0.48229652067082,0.287720218598137,2358,2358,0.00234913282528839,0.0328069158288018
0.483202269931475,0.289829332339379,2359,2359,0.00229537415178282,0.034053981172089
0.479367799008999,0.287499777113558,2360,2360,0.00448664627594576,0.0298766166523833
0.477354856133398,0.289059179090613,2361,2361,0.00254630586271149,0.0281717518340709
0.479513211434602,0.286736895562914,2362,2362,0.00317040981408612,0.0299195878327853
0.478066917451427,0.28690755114354,2363,2363,0.00145632744016067,0.0285061923838737
0.476584538753738,0.287239575470419,2364,2364,0.00151910722366902,0.0270855086734385
0.476590539978464,0.286995405277338,2365,2365,0.000244243931116967,0.0270556986568858
0.480233812496658,0.286672290131577,2366,2366,0.00365757269773962,0.030627638070208
0.479566466861521,0.287976927576288,2367,2367,0.00146541088397747,0.0301458292060696
0.479752207997667,0.286888672727705,2368,2368,0.00110399202221863,0.0301752854617621
0.4799406147488,0.287368218041973,2369,2369,0.00051522889312334,0.0304249554344314
0.480536929059642,0.285929900766571,2370,2370,0.00155703158029525,0.0308531437317278
0.480984930779011,0.28521648656794,2371,2371,0.000842416381231027,0.0312441730389518
0.484120613324951,0.284603268894923,2372,2372,0.00319508074129763,0.0343423091085747
0.481258910036265,0.286170337145067,2373,2373,0.00326267507010528,0.0315943089619369
0.482432499478017,0.28638769403039,2374,2374,0.00119354773402134,0.0327834538137789
0.4822048597358,0.287534837386253,2375,2375,0.00116951174903779,0.0326907930225058
0.480437975084818,0.287382264912086,2376,2376,0.00177345981904019,0.030919516773301
0.47936329293304,0.287455577080696,2377,2377,0.00107717983708167,0.029865760853737
0.476881665076727,0.286973452771907,2378,2378,0.00252802703038446,0.0273408311721065
0.471114823363203,0.287432549731489,2379,2379,0.00578508715294216,0.0217312231135943
0.472291552507166,0.287293706945357,2380,2380,0.00118489189275304,0.0228605484501007
0.472142104696658,0.287590995606552,2381,2381,0.000332738930905882,0.0227696417365381
0.471764072872995,0.287194701146651,2382,2382,0.00054768363007326,0.0223238610411156
0.469032410639194,0.288513161465798,2383,2383,0.00303320229670527,0.0199564735794242
0.472886197408795,0.287679928832364,2384,2384,0.00394283515848315,0.0235168720859197
0.468222323469606,0.289218511440418,2385,2385,0.0049111054318205,0.0193863044785959
0.470309770430901,0.287812124041781,2386,2386,0.00251701416985865,0.0210233492109203
0.471797899080076,0.287986565250178,2387,2387,0.00149831792743818,0.022513709129643
0.469370428006567,0.286875152338401,2388,2388,0.00266980420128324,0.0199122672567884
0.472059050285258,0.288795987399072,2389,2389,0.00330428465598466,0.022954258371235
0.470816248155564,0.289254347455016,2390,2390,0.0013246324299435,0.0218750843887315
0.470434844453927,0.288765241992024,2391,2391,0.000620236194970501,0.0213755083122504
0.478397973283087,0.286631281169336,2392,2392,0.00824410150001548,0.0287997414902
0.472687826866411,0.288462029826113,2393,2393,0.0059964500118124,0.0234865387104843
0.475157543836212,0.285419063539268,2394,2394,0.00391907460171376,0.0254496270790516
0.47089564476853,0.28782972769176,2395,2395,0.00489643598132484,0.021598857513931
0.473146201234574,0.286575452485508,2396,2396,0.00257647253039278,0.0235867407904054
0.465506904525439,0.289272842876877,2397,2397,0.00810152881459091,0.0168482578278012
0.470350290535816,0.286548850752894,2398,2398,0.00555684453057997,0.0208199912465215
0.46642878054736,0.288921224606652,2399,2399,0.00458327375263048,0.0175919810339138
0.476417938419411,0.286473682608366,2400,2400,0.0102846359598249,0.0268152899789406
0.472838541078664,0.287757873373257,2401,2401,0.00380279255857833,0.0234852623303369
0.478223378069049,0.285022012832841,2402,2402,0.00603998363488013,0.0284758087208492
0.476901824795402,0.286503823310806,2403,2403,0.00198551387496834,0.0272992022551894
0.480306730503122,0.285298163902454,2404,2404,0.00361206277456703,0.0305731029878351
0.477796250894578,0.284978337133897,2405,2405,0.00253077004621116,0.0280467409665695
0.482126038719017,0.283988757252111,2406,2406,0.00444143343382493,0.032327925769997
0.480804658880994,0.284716725851384,2407,2407,0.00150863612506857,0.0310351273700043
0.484534370392545,0.285353787224822,2408,2408,0.00378372767954047,0.0347950712668328
0.478171435277261,0.286480380010702,2409,2409,0.0064619002303126,0.0285569050268531
0.481501763700684,0.284444704147232,2410,2410,0.00390321196311121,0.0317191376460857
0.477212504660104,0.286464199639965,2411,2411,0.00474089708413497,0.0276027817838341
0.477894462439943,0.286402028421519,2412,2412,0.00068478585987558,0.0282727283005303
0.477012792170655,0.287752647636943,2413,2413,0.00161292117873766,0.0275897985419905
0.479967986061142,0.286082707495949,2414,2414,0.00339438816355441,0.0303009365431364
0.474996535858645,0.287209804896011,2415,2415,0.00509761372262852,0.0255120470170668
0.478786550306876,0.28561673897124,2416,2416,0.00411121254114404,0.0290821000890322
0.47606037437105,0.28730146471546,2417,2417,0.00320473650497438,0.0265770451915938
0.482374674289484,0.284895334729844,2418,2418,0.00675720689098819,0.0326122949059808
0.484682917510213,0.286417281569746,2419,2419,0.00276483434395799,0.0350263469914527
0.486350260569683,0.284512922535552,2420,2420,0.00253112943348999,0.0365666239324015
0.481573552156558,0.286893164157313,2421,2421,0.00533689923476023,0.031983947731935
0.482526535475677,0.284634349669873,2422,2422,0.00245161581312958,0.0327511094973504
0.484267859288326,0.286636619225441,2423,2423,0.00265354329032965,0.0346344802520748
0.487570686827624,0.28563242963396,2424,2424,0.0034521104400028,0.0378430269776361
0.483128091475917,0.286104750490717,2425,2425,0.00446763253309051,0.0334495814144739
0.484609161640496,0.286482523717638,2426,2426,0.00152848992256554,0.0349590633655873
0.485161600394458,0.285381659830523,2427,2427,0.00123170202355651,0.0354228107550533
0.485059749371224,0.286170085952518,2428,2428,0.000794977597658135,0.0353796300596226
0.48806979348401,0.285137966562388,2429,2429,0.00318208045096289,0.0383122955867505
0.48186687388039,0.286375489172211,2430,2430,0.00632516195988689,0.032219411775428
0.483853806080838,0.286711052718504,2431,2431,0.00201506884814806,0.034230204466126
0.483494861008049,0.284619547649546,2432,2432,0.00212208270780342,0.0337178277684338
0.485431777529421,0.284618219954575,2433,2433,0.00193691697641834,0.0356529594970406
0.481845315052236,0.286549772643021,2434,2434,0.00407352536367425,0.0322158633380675
0.48622480021363,0.285411551900943,2435,2435,0.00452497919736358,0.0364858050794599
0.484775909766116,0.286146428880386,2436,2436,0.0016246007829049,0.0350948069797315
0.487808145545244,0.286522519463644,2437,2437,0.00305547016791879,0.0381482436949791
0.491781847933135,0.28462312809438,2438,2438,0.00440431586528072,0.0419986557593541
0.490073146347846,0.286408815512483,2439,2439,0.00247150574806944,0.0403955743505988
0.488040419478412,0.285453501384233,2440,2440,0.00224601950333259,0.0383006065712684
0.483345610390963,0.287101669594314,2441,2441,0.00497571008161788,0.0337682304725776
0.485936358075738,0.285713708236252,2442,2442,0.00293911726503757,0.0362180169684101
0.481547015096361,0.28748603271443,2443,2443,0.00473365248476917,0.0320323660452825
0.480064104975427,0.285728636791465,2444,2444,0.00229944838098641,0.0303645416911698
0.483080217329662,0.285491297086939,2445,2445,0.00302543614520529,0.033353305599742
0.484399738454825,0.287313356487842,2446,2446,0.00224967474541779,0.0348399854731182
0.488179814792969,0.28684483667239,2447,2447,0.00380900091095641,0.0385479970134087
0.487420577184747,0.287773057300567,2448,2448,0.00119918108737244,0.0378942207350866
0.488235214243148,0.286460415819035,2449,2449,0.00154488225957728,0.0385682898501123
0.485178156212707,0.286263636713253,2450,2450,0.00306338469963424,0.0355056774431274
0.489439629353695,0.285650024105619,2451,2451,0.00430542376121176,0.0397092486655818
0.492348979015081,0.286291673780326,2452,2452,0.00297926664755914,0.0426556273990067
0.487298163968401,0.285687225415047,2453,2453,0.00508685467278654,0.0375747472225063
0.483992743843855,0.287384034407002,2454,2454,0.00371550305543346,0.034444543015664
0.482264721325057,0.286252052259698,2455,2455,0.00206577961246753,0.0326033308094541
0.485031769078405,0.286881661028165,2456,2456,0.00283777385826247,0.0354195500537094
0.486003035249228,0.285904361277604,2457,2457,0.00137785078184531,0.0362984738095492
0.487102370317566,0.285946539407016,2458,2458,0.00110014389380621,0.0373978675805061
0.487274821129452,0.284428431780732,2459,2459,0.00152787108340319,0.0374875952380853
0.484534740874237,0.286831681305436,2460,2460,0.00364467393370239,0.0349200221331919
0.482652890727235,0.286332980020085,2461,2461,0.00194680840037884,0.0329974621907154
0.48491993773963,0.284417820079951,2462,2462,0.00296771625205328,0.0351337802404226
0.486165238657297,0.284544161494639,2463,2463,0.00125169346431423,0.0363829103320359
0.480626908413019,0.288009632284263,2464,2464,0.0065331913861772,0.0311981477494068
0.481580082239583,0.286870882723344,2465,2465,0.00148502219045394,0.0319878366157369
0.484090073169469,0.28681800855956,2466,2466,0.00251054777793707,0.0344764030708944
0.485321480891366,0.287174103228888,2467,2467,0.00128186129946665,0.0357393760123482
0.483641003621382,0.285859333787502,2468,2468,0.00213368754482352,0.0339400840466069
0.485577637576383,0.286092413004287,2469,2469,0.00195060939118024,0.0358892184177537
0.486032558090362,0.286441948232818,2470,2470,0.000573696391851471,0.0363725571989215
0.481894253767268,0.28633235532142,2471,2471,0.00413975521942664,0.0322423745047717
0.484366512027716,0.286011730661971,2472,2472,0.00249296230990362,0.0346755580959561
0.488658955182808,0.285301228630712,2473,2473,0.00435084835131261,0.0389093456989033
0.489860412727235,0.284332126826719,2474,2474,0.00154358625854361,0.040068843070014
0.485799615390519,0.287199082540392,2475,2475,0.00497086612916157,0.0362172976891898
0.486638751805481,0.285785721398365,2476,2476,0.00164369694308449,0.0369237502750442
0.486424627049358,0.285226631324943,2477,2477,0.000598691173631417,0.0366743377427822
0.485297202446531,0.284009216227561,2478,2478,0.00165927265824321,0.0354986141807028
0.486956516431322,0.286425024650529,2479,2479,0.00293077689983551,0.0372913389458253
0.486238333281068,0.285526577089208,2480,2480,0.00115021522236184,0.0365066061650109
0.48599316463905,0.287979535698273,2481,2481,0.00246518023698448,0.0365045835720368
0.483593298993595,0.286950439053965,2482,2482,0.0026112056639724,0.0339970150218816
0.482292160208996,0.287162705421467,2483,2483,0.00131833954183367,0.0327296529788484
0.485696292727653,0.288446744717412,2484,2484,0.00363825165678732,0.0362755507534568
0.488843614543366,0.287329817888837,2485,2485,0.00333963473332816,0.0392574167581371
0.48474897063653,0.288280108654538,2486,2486,0.00420347014538775,0.0353140636382425
0.486754019379826,0.287957666494414,2487,2487,0.00203081003779726,0.0372560722388669
0.488929410130578,0.285471836669906,2488,2488,0.00330328243340963,0.0391891103813824
0.481153594974708,0.287987962490693,2489,2489,0.00817277128545145,0.0317152131514259
0.479851340122617,0.288388762551462,2490,2490,0.00136253748150509,0.0304950531817806
0.479597508358233,0.288253094839759,2491,2491,0.000287812947256631,0.0302218358884661
0.481351470726838,0.287454214715908,2492,2492,0.00192732805789869,0.0318343155675457
0.484882184052767,0.286689166083457,2493,2493,0.00361264944326303,0.0352509765490982
0.484419435287751,0.286755357846896,2494,2494,0.000467458842114031,0.0347973786781131
0.485403489998824,0.286733141497474,2495,2495,0.000984305461006277,0.0357740656324315
0.485341487256981,0.28631212733981,2496,2496,0.000425555238423773,0.035672643606921
0.483560110638353,0.288866481838466,2497,2497,0.00311416594968841,0.0342311813674525
0.483129187307327,0.286738187361711,2498,2498,0.00217148159029916,0.0335124834222918
0.482516466533389,0.289339926487394,2499,2499,0.00267291474329558,0.0332873449560913
0.484376059653764,0.28687411206505,2500,2500,0.00308841825839488,0.0347667413841799
0.485916591010501,0.288568185476515,2501,2501,0.00228978636220147,0.0365113154397525
0.480978178388442,0.28985192103605,2502,2502,0.00510253821274488,0.0318807525981645
0.48645981758575,0.287453673941155,2503,2503,0.0059833065622303,0.0369022379151501
0.481169597718564,0.287031254413083,2504,2504,0.00530705798921231,0.0315994428601998
0.484775088570156,0.286984672575616,2505,2505,0.00360579175057216,0.0351753731618521
0.477652919528349,0.287707322136082,2506,2506,0.00715873691703413,0.028213824520586
0.479716985930679,0.287125369558921,2507,2507,0.00214453699322005,0.0301705749051188
0.47720057338675,0.289047983879845,2508,2508,0.00316682457964809,0.0280185578067849
0.477410404235315,0.289322030368833,2509,2509,0.00034515281128265,0.028282224323866
0.475912852002123,0.288131677368691,2510,2510,0.00191300887506649,0.0265742535344048
0.479164356422944,0.290586687159479,2511,2511,0.00407423048826182,0.0302817338282484
0.475438920125667,0.288737062338906,2512,2512,0.00415932537582172,0.0262310015304407
0.480585969697374,0.288538681929816,2513,2513,0.00515087119624702,0.0312445204588528
0.479102951131554,0.286952360005317,2514,2514,0.00217158037261195,0.0295392498510607
0.477158833972977,0.288007929560568,2515,2515,0.00221219768832875,0.0277772752303363
0.478817997973616,0.286949706006283,2516,2516,0.00196790809537985,0.0292563403870167
0.484675605051205,0.288500397125949,2517,2517,0.00605938970722588,0.0352741901353542
0.480131488913444,0.288147275796236,2518,2518,0.00455781594044352,0.0307309242126186
0.485780895528629,0.289002354582904,2519,2519,0.0057137513802319,0.0364442698192349
0.479648577768184,0.288460102931754,2520,2520,0.00615624544411896,0.0303077277496972
0.478104248466133,0.289564225494302,2521,2521,0.00189843083263625,0.0290123105953764
0.480212867370292,0.288546598098407,2522,2522,0.00234133278280902,0.0308784482749293
0.478996957211447,0.28984947982202,2523,2523,0.00178211624203012,0.0299460914456885
0.479469800739327,0.288895353945251,2524,2524,0.00106486486963227,0.0302114072436312
0.483676764474781,0.288847881816959,2525,2525,0.00420723156890518,0.0343431166444414
0.479780100156687,0.288419157735763,2526,2526,0.00392017820330948,0.030430117021863
0.484060939284892,0.290439927535373,2527,2527,0.00473382448181028,0.0350183230484197
0.483253682366095,0.287683382895535,2528,2528,0.00287231650142601,0.0337500624091515
0.481981281227362,0.290398034430814,2529,2529,0.00299805563921657,0.0329777822390094
0.481977408870929,0.289214881415792,2530,2530,0.00118315935194751,0.0327344475403583
0.481751955400893,0.287761308748379,2531,2531,0.00147095301305001,0.0322735791587229
0.482652739024095,0.285305127691305,2532,2532,0.00261614917788624,0.0329142022414004
0.485548507337243,0.287044370928997,2533,2533,0.00337793445218915,0.0359507021387388
0.485940513025408,0.28770555093189,2534,2534,0.000768653013901891,0.036417140019246
0.485220941580583,0.288603829339706,2535,2535,0.00115095054722364,0.035828908447066
0.482502621435515,0.288076909655179,2536,2536,0.00276891833845391,0.0330622457286442
0.484630876064402,0.288969519023186,2537,2537,0.00230786031839715,0.0353042115282121
0.482970755246257,0.288352780032452,2538,2538,0.00177097942210813,0.0335668498656099
0.48975089404009,0.287601799701856,2539,2539,0.00682160197611864,0.0401888544828054
0.485113530848741,0.288120795201165,2540,2540,0.00466631478757927,0.0356522608487264
0.490395368869294,0.287839329185593,2541,2541,0.00528933228236593,0.0408559889536441
0.484690826226547,0.287664293188673,2542,2542,0.0057072273796591,0.0351722834066073
0.490070497343188,0.288620252053974,2543,2543,0.00546394716989154,0.0406309443329085
0.4892427124729,0.288300874987763,2544,2544,0.000887259545961652,0.0397682485306517
0.49464296325414,0.289016208758097,2545,2545,0.00544742240910918,0.0452156621127418
0.494792325462177,0.287466000262763,2546,2546,0.0015573873789766,0.0451896049415741
0.497422693736827,0.289426819981614,2547,2547,0.00328080039473868,0.048025189324897
0.494228743960519,0.288868573422165,2548,2548,0.00324236863954668,0.0447858946328757
0.496009341475964,0.290392615776624,2549,2549,0.00234376462346254,0.0467640332416369
0.494400644707787,0.287998172537813,2550,2550,0.00288466006937175,0.0448540722365698
0.496055784892086,0.288413668598201,2551,2551,0.00170649524050926,0.0465449925454369
0.494655464045279,0.288534615755485,2552,2552,0.00140553430725069,0.0451681641695818
0.49886568265846,0.288309997558017,2553,2553,0.00421620612700724,0.0493269729422899
0.494410054845691,0.287012010828157,2554,2554,0.00464083922979668,0.0447676898146475
0.493471844056666,0.288301583816467,2555,2555,0.00159475326518544,0.0439653061994738
0.494189185553569,0.286674468975038,2556,2556,0.00177822426324023,0.0445196863085702
0.49261714217422,0.286670091275698,2557,2557,0.00157204947466857,0.0429523860440907
0.491425300752647,0.287773106187455,2558,2558,0.00162392360341698,0.0418719369505358
0.488368405462881,0.289419082086126,2559,2559,0.00347186484063019,0.0390651199601508
0.491102941825636,0.287391274737668,2560,2560,0.00340436363535,0.0415108515565488
0.491098923295126,0.288678201780914,2561,2561,0.00128693331731905,0.0416578963499044
0.488559452560043,0.289229469008007,2562,2562,0.00259861639531634,0.039223891576132
0.492602747736284,0.286876826503415,2563,2563,0.00467794427463842,0.0429554614169626
0.484986565106356,0.288267479578078,2564,2564,0.00774210267475707,0.0355473399478903
0.487492703107872,0.286414156257476,2565,2565,0.00311697529879958,0.037824550400675
0.484010956671865,0.287420744384882,2566,2566,0.0036243313732166,0.0344671428381374
0.481010809163419,0.289175326757198,2567,2567,0.00347554950672163,0.0317775442047247
0.482635835142279,0.287347063463207,2568,2568,0.00244606952152295,0.0330936187886384
0.485792035225571,0.288291477704872,2569,2569,0.00329446766953835,0.0363480025574876
0.480888796852821,0.288341525806951,2570,2570,0.00490349379040383,0.0315098048576523
0.485626218334323,0.287597204131794,2571,2571,0.0047955372013466,0.0360918333285357
0.482974144898825,0.287858679006605,2572,2572,0.00266493200990795,0.0334972428114735
0.483667451078474,0.289217247482385,2573,2573,0.00152524809854776,0.0343971120340182
0.478252992913343,0.289850699826623,2574,2574,0.00545138689641181,0.0292217118439467
0.482291650596103,0.287773260311602,2575,2575,0.00454164186358616,0.0328095183064627
0.47714997660542,0.289431889008771,2576,2576,0.00540257906758709,0.0280525017034386
0.481202411255911,0.287604278579665,2577,2577,0.00444549057777372,0.0317073406361125
0.479444443018628,0.288854834292551,2578,2578,0.00215739238765882,0.0301788319733838
0.476071589797695,0.288015798139511,2579,2579,0.00347564677665373,0.0267088639350501
0.473881823756596,0.287573300473618,2580,2580,0.0022340276406239,0.0244751622952019
0.478456614060293,0.287903454336543,2581,2581,0.00458668811845851,0.0290387061376446
0.478098246116304,0.287402569705632,2582,2582,0.000615883915004093,0.0286065623066295
0.477453242589259,0.288125952232595,2583,2583,0.000969181010036817,0.0280878516706988
0.475525845918508,0.289657540483691,2584,2584,0.00246183275169466,0.0265264702290974
0.477268986399222,0.290282363838527,2585,2585,0.00185174052184717,0.0283701570348516
0.476088509653632,0.289217394193717,2586,2586,0.00158986970889022,0.0269699692197175
0.477805345214087,0.290113385776513,2587,2587,0.00193657565255872,0.0288483973016965
0.476322076858459,0.289080991624845,2588,2588,0.00180718640411053,0.0271675263554269
0.482857063309889,0.287646573204213,2589,2589,0.00669056082296641,0.0333520952920886
0.480701358014519,0.288100425982449,2590,2590,0.00220296338253635,0.0312859176959506
0.483081017189346,0.288395124096936,2591,2591,0.00239783751889465,0.0336823483529879
0.481316917208745,0.286754878419999,2592,2592,0.00240882847506126,0.0317130887831933
0.482646922496001,0.286291267544348,2593,2593,0.00140849178490675,0.0329875289852872
0.481864014724671,0.285826820646268,2594,2594,0.000910305168361287,0.0321663419036285
0.488645636529684,0.285334405069476,2595,2595,0.00679947552436882,0.0388978926273153
0.480716215888094,0.285345665447928,2596,2596,0.00792942863688136,0.0309849168993224
0.48815384200356,0.285323837610443,2597,2597,0.00743765814540809,0.0384062826051514
0.484130991768402,0.285122579760623,2598,2598,0.00402788142037739,0.0343784971463855
0.482543155418628,0.288693587067864,2599,2599,0.00390810919269618,0.0331996340317173
0.477739954218375,0.288832069770944,2600,2600,0.00480519710617216,0.0285023016927871
0.482284102972643,0.287041318015884,2601,2601,0.0048842685992038,0.032707008517892
0.47790128321114,0.287610949009448,2602,2602,0.00441968194903781,0.0284437021793386
0.480215310648955,0.286922703621528,2603,2603,0.00241420891742084,0.0306390487076892
0.477722993395026,0.286459320437318,2604,2604,0.00253502845539081,0.0281090797834016
0.478914440020369,0.287839165821281,2605,2605,0.00182305193142834,0.029480178365632
0.477043384807576,0.286082019766812,2606,2606,0.00256678979779346,0.0273914095871346
0.483246722415602,0.287372162661612,2607,2607,0.00633607655952482,0.0337028043294532
0.480410037779225,0.286628540755194,2608,2608,0.00293253359161736,0.0307977377685272
0.481901811753145,0.288407275058143,2609,2609,0.0023214834287055,0.0325199824939835
0.479389927669921,0.286389442893899,2610,2610,0.00322198825116009,0.0297574193756062
0.48469888535078,0.288509411499826,2611,2611,0.00571658101904215,0.0352985681136953
0.479343531007516,0.287017277435781,2612,2612,0.00555934206601861,0.0297861983964865
0.484669932412636,0.287646484370916,2613,2613,0.00536343670566632,0.0351492817379326
0.482379119856503,0.285978719017681,2614,2614,0.0028335954970303,0.03269246656942
0.488358247972644,0.287429099553564,2615,2615,0.0061525260444878,0.038785654494664
0.483448825346522,0.2864998885485,2616,2616,0.00499658519529222,0.0338058918937736
0.488251048842861,0.287751300049721,2617,2617,0.00496259823622444,0.0387160436148021
0.483962610638714,0.285809488555579,2618,2618,0.00470758261845395,0.034256778231444
0.487460088804467,0.28878953084711,2619,2619,0.00459488907148291,0.0380705729270606
0.48355751810267,0.288649998465747,2620,2620,0.00390506432315454,0.0341931643091727
0.486687157992354,0.287499487347468,2621,2621,0.00333441474210785,0.0371333725299567
0.485561694078073,0.287214968257578,2622,2622,0.00116087042121901,0.0359826637851213
0.48491121452561,0.288185465816675,2623,2623,0.00116832750561899,0.0354610458163629
0.480249441138074,0.285723837807081,2624,2624,0.0052717875122533,0.0305488106190372
0.484527637762629,0.286901914825737,2625,2625,0.00443743527504816,0.0349204259573053
0.480390750706453,0.285458169190268,2626,2626,0.00438157916458173,0.0306685213218636
0.482620440353176,0.286402861362172,2627,2627,0.00242156131872816,0.0329719744653981
0.477171579736571,0.286408578567618,2628,2628,0.00544886361598656,0.027555528558534
0.483807266027257,0.286338627162663,2629,2629,0.00663605498375727,0.0341471762838463
0.478901520590579,0.286725747970829,2630,2630,0.00492099591643876,0.0293110290013869
0.482757415485623,0.285517003194407,2631,2631,0.00404091442326516,0.0330331334805348
0.484797403531472,0.284819342357221,2632,2632,0.00215598744684452,0.0350281138240076
0.488294929094209,0.286006430745358,2633,2633,0.00369348939395406,0.0385915805551353
0.482976963957226,0.285992013330785,2634,2634,0.00531798468031047,0.0332892461411994
0.489892063788916,0.286221347368915,2635,2635,0.00691890163127744,0.04020034620184
0.482306921417516,0.288219498349053,2636,2636,0.00784391433748718,0.0328903966824705
0.487520571579018,0.286361748355251,2637,2637,0.0055347432683011,0.0378478379609734
0.48360506016739,0.287939431298467,2638,2638,0.00422141126685253,0.0341332471552629
0.488205335601665,0.286161234663337,2639,2639,0.00493198918737502,0.0385140092415846
0.485130573473002,0.286369116639115,2640,2640,0.00308178147565882,0.0354676827674736
0.486768416738702,0.285237373586943,2641,2641,0.0019908221666289,0.0370181861802712
0.482908293894626,0.285265314808369,2642,2642,0.00386022396801217,0.0331666573574608
0.485642330463275,0.286413465732606,2643,2643,0.0029653341301683,0.0359813530963692
0.47865573500267,0.284744750730818,2644,2644,0.00718311394085771,0.0288906599918913
0.480292130417632,0.287000094457885,2645,2645,0.00278646106761404,0.0307248774990938
0.476944432510945,0.286285424488368,2646,2646,0.00342313225566378,0.0273155935951502
0.483740086852683,0.287602488652533,2647,2647,0.00692210776750231,0.0342215210354055
0.476607924849613,0.286111259407468,2648,2648,0.0072863913907628,0.0269616753425007
0.483053121949153,0.285512210559233,2649,2649,0.00647297653127978,0.0333277499126654
0.47478495648295,0.284657121716746,2650,2650,0.00831226425861543,0.0250212421702963
0.479736702459221,0.285136359132265,2651,2651,0.00497488258293029,0.029993378016645
0.479674426926723,0.284141732352687,2652,2652,0.000996574469169918,0.0298818612559063
0.485023226311918,0.283943148181289,2653,2653,0.00535248451993982,0.0352231766492681
0.478285298485914,0.285173008341697,2654,2654,0.00684925013432861,0.0285478757032992
0.483755366587762,0.287082987554577,2655,2655,0.00579393351985418,0.0341730583110923
0.480304210406532,0.284228689035186,2656,2656,0.00447855992759235,0.0305142457151825
0.479274383187037,0.28578321888671,2657,2657,0.00186470028725604,0.0295825393656683
0.473852545631245,0.284639766423869,2658,2658,0.00554110151650069,0.0240895032130081
0.479870794280832,0.284609646432039,2659,2659,0.00601832402103428,0.0300971159481277
0.474767746707133,0.284926541615293,2660,2660,0.00511287757496774,0.0250217011618609
0.476175398481673,0.286596538484317,2661,2661,0.00218411837154378,0.0265902571761866
0.471298377131182,0.284654534201896,2662,2662,0.00524944929360064,0.0215417942803258
0.475847747126014,0.28507977021314,2663,2663,0.00456920047876428,0.026109953567188
0.468114617330135,0.284834007139456,2664,2664,0.00773703405241984,0.0183826316457007
0.472038934402642,0.285047284123987,2665,2665,0.00393010833918098,0.0223104991505947
0.46665691773878,0.286569121452883,2666,2666,0.00559303962311277,0.017190605426514
0.47098869731702,0.286540543887117,2667,2667,0.00433187384300585,0.0214487953093261
0.469336703115405,0.284762829434468,2668,2668,0.00242679902697468,0.0195939519714388
0.472771518054619,0.28446620396554,2669,2669,0.00344759921328772,0.023000077413918
0.467239749538494,0.285583399311767,2670,2670,0.00564345535621792,0.0175993003327583
0.472192168137524,0.286250821549865,2671,2671,0.00499718945247527,0.0225964503496115
0.469208259098207,0.284878600492212,2672,2672,0.00328431176747616,0.0194758522595458
0.473577452026091,0.285107898710258,2673,2673,0.00437520565389428,0.0238487151253088
0.466967664690179,0.28471175662843,2674,2674,0.00662164761785,0.0172293149624063
0.475444155115832,0.287688869649787,2675,2675,0.00898410217429245,0.0260332290268226
0.471928975737745,0.286033593453462,2676,2676,0.00388541186314283,0.0223066924022227
0.475272248615473,0.287518045871342,2677,2677,0.00365801483265159,0.0258345659919801
0.471590398246926,0.285544360081199,2678,2678,0.00417749419324255,0.0219122463124608
0.477533475349222,0.28475599749916,2679,2679,0.00599513811388766,0.0277708171528027
0.472021751983615,0.283555509837005,2680,2680,0.00564094540710722,0.0222164910762406
0.473231648642148,0.284912023777215,2681,2681,0.00181768533974221,0.0234886218377309
0.470276411291648,0.285085601836122,2682,2682,0.0029603305795683,0.0205584395094802
0.47356665864288,0.285457617742245,2683,2683,0.00331121178221799,0.0238691627483655
0.467674339280216,0.284368947229419,2684,2684,0.00599204730931932,0.017906696138151
0.469715498796188,0.285655680199832,2685,2685,0.00241288497587253,0.0200631500062026
0.467542062777996,0.283441597322652,2686,2686,0.00310257749495413,0.0177355060468045
0.468059628326219,0.284040529784056,2687,2687,0.000791577027225409,0.018272247097389
0.464049115370294,0.282646077830406,2688,2688,0.00424602289450755,0.01424930043095
0.467608397470047,0.283034286359692,2689,2689,0.00358039033177043,0.0177999194445548
0.462129557160736,0.283064162214357,2690,2690,0.00547892176451105,0.0123210042918482
0.466064274241285,0.284648893515184,2691,2691,0.00424185947430905,0.0163239515655506
0.45934899325416,0.282755270791384,2692,2692,0.00697716315963234,0.00954845386003365
0.46654631021674,0.282345143501966,2693,2693,0.00720899270726295,0.0167569773962096
0.459869781703937,0.283297563231504,2694,2694,0.00674411864690143,0.0100619179160294
0.464226418274893,0.284634591484603,2695,2695,0.00455718408241042,0.0144933235757357
0.458039878889166,0.283927548635055,2696,2696,0.00622681131577407,0.0082672319593654
0.46174993902479,0.284767250691313,2697,2697,0.00380389875696343,0.0120494919641342
0.454284763805293,0.283798100032716,2698,2698,0.00752782133534304,0.00452193749096755
0.465417742241535,0.283067487206664,2699,2699,0.0111569262775826,0.0156091009742922
0.456725941901109,0.284352654179577,2700,2700,0.0087862988400174,0.00702008749738748
0.463565576272753,0.283698151889712,2701,2701,0.00687087851626084,0.0137674371970142
0.45690589079462,0.282932103910129,2702,2702,0.00670359904638346,0.00710048694380739
0.46124080947332,0.283174882809089,2703,2703,0.00434171182193362,0.0114319449267575
0.454543157490599,0.283302923390374,2704,2704,0.00669887576180543,0.00473660512782321
0.457181686265261,0.28345981722838,2705,2705,0.00264318931806375,0.00737912842653104
0.453283322535802,0.283194275358565,2706,2706,0.0039073971197955,0.003474668902079
0.46089811260757,0.283779415528476,2707,2707,0.00763723882404724,0.0111068319602209
0.450798834045103,0.284611961880309,2708,2708,0.0101335364463867,0.00176199463488914
0.460157692925283,0.28388990612677,2709,2709,0.00938667161726382,0.0103749171010665
0.452904256079426,0.283956953378252,2710,2710,0.00725374671537263,0.00319773374076175
0.461784793316302,0.283901244267986,2711,2711,0.00888071197148666,0.011999178059597
0.453122631567026,0.282996368144328,2712,2712,0.00870929658294993,0.00331751248622162
0.453518227192761,0.284451897027587,2713,2713,0.00150833027852039,0.00392973962392467
0.450141927925315,0.283310354161219,2714,2714,0.00356405904259646,0.000367770471642995
0.456154304820224,0.283035731745612,2715,2715,0.00601864547864264,0.00634653050679355
0.450130419779084,0.283609288482794,2716,2716,0.00605112868146353,0.000557092170779118
0.454608084786486,0.283980036160093,2717,2717,0.00449298762058566,0.00486971146171408
0.446923122728688,0.282532455874428,2718,2718,0.00782011064584453,0.00295201100462319
0.453630402360008,0.28263535147336,2719,2719,0.00670806883961447,0.00385660129560996
0.444891502236778,0.282840757113975,2720,2720,0.00874131379376064,0.00492737010054722
0.451063411462214,0.282758648450565,2721,2721,0.00617245537202451,0.00131545591211911
0.446459831487458,0.282739366642102,2722,2722,0.00460362035490742,0.00337466443494717
0.455016135431307,0.283723613562554,2723,2723,0.00861272774328556,0.00523827596002861
0.448984834310468,0.282975097078768,2724,2724,0.00607757107212518,0.000843320282750318
0.453956306802761,0.28359535898058,2725,2725,0.0050100163241707,0.00417080449552743
0.447562300238859,0.282912408610589,2726,2726,0.00643037643898763,0.00225957327277155
0.452642670628088,0.283589983136225,2727,2727,0.00512535564907913,0.00286707613335023
0.447043368220994,0.281791846805617,2728,2728,0.00588094224674439,0.00308293635476991
0.45032330913258,0.284056665420119,2729,2729,0.00398590212374633,0.00103865342565898
0.442970607626918,0.283133101388891,2730,2730,0.00741047838881825,0.00683830837662147
0.443978864560792,0.282362493154343,2731,2731,0.00126902289020262,0.00588354975195862
0.442311810824063,0.281523638412269,2732,2732,0.00186621152055208,0.00767237400261497
0.446746292497008,0.284085344285773,2733,2733,0.00512122687351623,0.00320096925530398
0.440892912755901,0.283177953853148,2734,2734,0.00592329399834408,0.00891600145818649
0.445535581894059,0.284325014976193,2735,2735,0.00478227204855728,0.00443075053361969
0.442741818776797,0.282939940565403,2736,2736,0.00311825968751848,0.00707031607378363
0.444320838140324,0.282465528731452,2737,2737,0.00164874762731789,0.00553110439406264
0.441184111526769,0.283537321896569,2738,2738,0.00331478422178165,0.00863326979484699
0.445439823911095,0.283461219746887,2739,2739,0.0042563927726767,0.00437982237004426
0.440270721928841,0.284104744420724,2740,2740,0.00520900559692375,0.00958539300160362
0.447443071202,0.284850258169522,2741,2741,0.00721099055926615,0.00291086890319499
0.441854883104583,0.283264433929164,2742,2742,0.00580884538728823,0.00795476157380956
0.443149026688184,0.283062444639373,2743,2743,0.00130981192854765,0.00666049045293015
0.440056681687914,0.281740996062661,2744,2744,0.00336285948882645,0.00985408592824216
0.447269318505714,0.283230262973455,2745,2745,0.00736478416500232,0.00254069871375338
0.443706224505582,0.281637222006071,2746,2746,0.00390300120132409,0.00628841225091999
0.445577642678228,0.281760823122083,2747,2747,0.0018754954579492,0.00445480881763876
0.440206988665074,0.281705067300114,2748,2748,0.00537094342184763,0.00971065420677763
0.44410891286211,0.282428482573794,2749,2749,0.00396841808503199,0.00574600278849881
0.441538113606366,0.282574889719103,2750,2750,0.00257496482801794,0.00829104362435752
0.444375389410714,0.282318520882819,2751,2751,0.00284883466879964,0.00549740562870472
0.443494895208161,0.281485106853626,2752,2752,0.00121237328607457,0.00653091312017488
0.446248628756144,0.281458143527955,2753,2753,0.00275386555122386,0.00394367070734517
0.443821815550998,0.280716008146002,2754,2754,0.00253775240277988,0.00646455758805881
0.446170798058756,0.280906307287505,2755,2755,0.00235667829476327,0.00427660776632947
0.44111956969805,0.280460062046114,2756,2756,0.00507090157343413,0.00909743766833395
0.444109428991458,0.280579759524843,2757,2757,0.00299225434760962,0.00625398355200744
0.439868169215216,0.280221392290876,2758,2758,0.0042563730527232,0.010364364525604
0.442684363465966,0.280715493039325,2759,2759,0.00285921066162903,0.00753039301737384
0.44342004871321,0.280905404215586,2760,2760,0.000759801972807654,0.00677310685648679
0.446501260644141,0.28133706006062,2761,2761,0.00311130097095441,0.00377397949375798
0.445166482439074,0.281369527875835,2762,2762,0.00133517302839242,0.00497367927625392
0.447179264556057,0.282621426566777,2763,2763,0.00237034642675423,0.00268307738349601
0.446014779821456,0.282318982548515,2764,2764,0.00120311972858038,0.00388497921754389
0.445863882491279,0.281189202611558,2765,2765,0.00113981257678849,0.00440736283380702
0.441609315238866,0.281730563793962,2766,2766,0.00428887099772408,0.00832226462361526
0.444960011177095,0.28252689391875,2767,2767,0.0034440245263517,0.00488930090839495
0.440359164894654,0.282086140074309,2768,2768,0.00462190982885225,0.00950990283652872
0.445935616633344,0.281636589065808,2769,2769,0.00559454288599009,0.00416002419273927
0.442665181060414,0.28202030220976,2770,2770,0.00329286875133635,0.00723315626826681
0.443840572655377,0.283364149662886,2771,2771,0.00178534909157408,0.00597199652759048
0.442536615676074,0.28299708079472,2772,2772,0.00135463772199382,0.007273967724679
0.445568501751326,0.282023348529665,2773,2773,0.00318441324223414,0.0043886222628435
0.444094519808758,0.282005771826694,2774,2774,0.00147408673676431,0.00582865220036545
0.445161976566482,0.282844484132773,2775,2775,0.00135753536306745,0.00465722645799701
0.4455920069547,0.282280991700947,2776,2776,0.000708836973862677,0.0043063678856278
0.4466265670914,0.283791610371154,2777,2777,0.00183092420466484,0.0032454938977606
0.44525925896904,0.282817944063151,2778,2778,0.00167855818511361,0.00456204449721058
0.44689767645287,0.283856570377778,2779,2779,0.0019398856854866,0.00299470063340068
0.445553108242106,0.283658908385887,2780,2780,0.00135901947610612,0.00428557979465856
0.448024171306303,0.28403604097319,2781,2781,0.00249967631017345,0.00199062011205384
0.445050864320611,0.284175490934209,2782,2782,0.00297657533464098,0.00486636035162715
0.44970443967099,0.284392766414367,2783,2783,0.00465864488622309,0.00124280922650207
0.446929373905228,0.284443723306638,2784,2784,0.00277553357197718,0.00315500345838062
0.448850127599916,0.283389019647598,2785,2785,0.00219127692545879,0.00098705625226983
0.447877887936626,0.28252101802823,2786,2786,0.00130333294828982,0.00203220465664643
0.449671516686406,0.284785452418738,2787,2787,0.0028887310710673,0.00163687291722906
0.446797545287394,0.283863707285287,2788,2788,0.00301816594861475,0.00309375781003463
0.448030810182254,0.284562081518521,2789,2789,0.0014172751569612,0.00226787143476888
0.446668091725311,0.282800499152025,2790,2790,0.00222714481496953,0.00316066174290984
0.448845106832649,0.284011098530779,2791,2791,0.00249097282871924,0.00128952564386209
0.444778978791438,0.283508298212713,2792,2792,0.00409709719281488,0.00504234201046654
0.446657552614704,0.284183039302692,2793,2793,0.00199607493545915,0.00331497773770687
0.44181116502001,0.283208190741649,2794,2794,0.00494346057281486,0.00799789916173663
0.44388577832462,0.282926065788804,2795,2795,0.00209370839724255,0.00592750234628051
0.444645101854258,0.283739710928267,2796,2796,0.00111291986936819,0.00519685277305497
0.446871915275554,0.285378019276838,2797,2797,0.00276455281343328,0.00368381167574537
0.445579097094192,0.285575484677272,2798,2798,0.00130781169685441,0.00487370131072648
0.447026888735775,0.283937474923849,2799,2799,0.00218613279325517,0.00289011609188162
0.44518096584975,0.284599312604641,2800,2800,0.00196098455293904,0.00484824953638926
0.448049448607707,0.285154692184306,2801,2801,0.00292175286603866,0.00266401273903702
0.446485372262374,0.285357782946083,2802,2802,0.00157720660395118,0.00398758379158592
0.4537844384346,0.285999017309173,2803,2803,0.00732717875412715,0.00488847143340096
0.44666519847153,0.284195807105057,2804,2804,0.00734405505779951,0.00331170314914343
0.44695931372726,0.28421035591879,2805,2805,0.000294474874367596,0.00303894486303954
0.444003583330376,0.283124449009178,2806,2806,0.00314889440842446,0.0058053766716407
0.447397408821439,0.284233531304618,2807,2807,0.00357045025197807,0.00264193720485438
0.44430339646808,0.283776752715547,2808,2808,0.00312754842043586,0.00554055614737743
0.445491044191495,0.282991542339844,2809,2809,0.00142374943337748,0.00432090723076955
0.444933775285163,0.284733420154078,2810,2810,0.00182884853218781,0.00512446351371226
0.448589207616846,0.28589385731663,2811,2811,0.00383520533214856,0.00299874786513408
0.44617083474895,0.284540127824622,2812,2812,0.00277148170943007,0.00389304061218908
0.449440064841509,0.284939260259036,2813,2813,0.00329350453139104,0.00182261315184936
0.447582672294168,0.283198334339715,2814,2814,0.00254572781959915,0.00222664508255913
0.451866072289429,0.284751831238507,2815,2815,0.00455640956609006,0.00260460414506029
0.449721212544099,0.283970649029236,2816,2816,0.0022826889782055,0.000820989877632556
0.452940506534617,0.283805132244829,2817,2817,0.00322354612241065,0.00319852762563623
0.453377423820299,0.282719912266545,2818,2818,0.00116987140993888,0.00359488845163728
0.454871498435098,0.284624772897886,2819,2819,0.0024208992088518,0.00527183158355726
0.449918271485578,0.284046876202522,2820,2820,0.00498682482186471,0.000899201029637469
0.455314700351895,0.285735662198851,2821,2821,0.00565450640203125,0.00608088637995552
0.453766221418829,0.283673142789135,2822,2822,0.00257910320103769,0.00399119903976657
0.457184232518326,0.284725807327379,2823,2823,0.00357643712461994,0.00754090496725297
0.453596497338773,0.281476503979112,2824,2824,0.00484043551425481,0.00414260809027918
0.45499338239846,0.284110728747892,2825,2825,0.00298168207601574,0.00527197189884152
0.447562108761576,0.282081405286415,2826,2826,0.00770337468759977,0.00248982176261031
0.449653408180337,0.283612882936772,2827,2827,0.00259209510868207,0.000484171035673022
0.443399525557664,0.283004279595937,2828,2828,0.0062834262854478,0.00641111415900357
0.446846789869711,0.283043741077914,2829,2829,0.00344749016614673,0.00296415767380504
0.44187489924291,0.283216567075333,2830,2830,0.00497489348933783,0.00793422765323626
0.448141714134183,0.283615649874409,2831,2831,0.00627950921346529,0.00172981104107724
0.440031370191823,0.282167302442839,2832,2832,0.00823865214376143,0.00982720846656552
0.446280352579829,0.2836043424852,2833,2833,0.00641208741120628,0.00355710792695813
0.44206627724891,0.28269959082658,2834,2834,0.00431010515630841,0.00775594950052018
0.445712095816248,0.284037707368398,2835,2835,0.00388362574219481,0.00419094010831716
0.442680859885331,0.282876159256508,2836,2836,0.00324616470394162,0.00713344974811082
0.446376990700138,0.284546419998175,2837,2837,0.00405600221219329,0.00370347587451585
0.442798311404903,0.283606308024795,2838,2838,0.00370010216354052,0.00702512467013645
0.443685055374307,0.286284706293252,2839,2839,0.00282137061580788,0.00687752664115921
0.43771442239769,0.28412836486368,2840,2840,0.00634809156379736,0.0121336175464334
0.43940736140218,0.285328231208457,2841,2841,0.00207502330547247,0.0106262596949257
0.438157092048548,0.283795540006411,2842,2842,0.00197795747615098,0.0116694195204348
0.441701717645803,0.283963405584261,2843,2843,0.00354859824112825,0.00814743486673955
0.438165642973481,0.283388935250315,2844,2844,0.00358243496142224,0.0116456028784679
0.440157923767325,0.283605527753623,2845,2845,0.00200401972894731,0.00966149946222277
0.441532034434509,0.282719755381672,2846,2846,0.00163486171298413,0.00828825056477231
0.443113134587846,0.284466955009213,2847,2847,0.00235639220703215,0.00682319346484688
0.443572621134118,0.282774965274738,2848,2848,0.00175327041490292,0.00624779139254512
0.443579029705137,0.284752826715695,2849,2849,0.00197787182330015,0.00643165516898411
0.439507831026091,0.282155626037228,2850,2850,0.00482908998140378,0.0103493539912487
0.443170114877252,0.283497310484579,2851,2851,0.00390031282883047,0.00664762072927043
0.440753738482283,0.283070292465303,2852,2852,0.00245381728556758,0.0090555346687041
0.441536506357474,0.282913560731798,2853,2853,0.000798304692907827,0.0082758803863594
0.440225515080571,0.28380318910166,2854,2854,0.00158434111370621,0.00960530727421922
0.444238610602298,0.2841559794918,2855,2855,0.004028572541966,0.00565961030818929
0.443614623621885,0.281846763891081,2856,2856,0.00239203604536505,0.0063307692868296
0.441562695092719,0.283562558556389,2857,2857,0.00267476391898446,0.00825628524062101
0.440787646455508,0.281391818001262,2858,2858,0.00230495443506282,0.00919180287321426
0.441420004719304,0.281648226398193,2859,2859,0.000682365180682982,0.00852300988666729
0.43974367064278,0.281720037203766,2860,2860,0.0016778714873049,0.0101668954370455
0.444465181901388,0.281517100288491,2861,2861,0.00472587049724627,0.00558889430266179
0.439059094779933,0.280896876514102,2862,2862,0.00544154899776555,0.0109842682506629
0.440099546501591,0.281353526456996,2863,2863,0.00113625215310996,0.00987492750046972
0.438976782433724,0.281472546127494,2864,2864,0.00112905484103254,0.0109618829821581
0.442677875770509,0.281502120242374,2865,2865,0.00370121149299311,0.00731991385127917
0.441232132396653,0.280350963138021,2866,2866,0.00184806292694575,0.00902328368639708
0.442455769266745,0.282186199837799,2867,2867,0.00220576085151168,0.00741657622667426
0.440209663889637,0.281807878426022,2868,2868,0.00227774372036977,0.00969319361481571
0.441960860855785,0.282094879217973,2869,2869,0.00177455917591527,0.00791921316555483
0.438120018109783,0.281703474315069,2870,2870,0.00386073448938527,0.0117785658108807
0.442268935672114,0.281871210297864,2871,2871,0.00415230686473737,0.00764835028357693
0.441730601147575,0.281763620212883,2872,2872,0.00054898058863412,0.00819712002061403
0.445806577004259,0.283487387810952,2873,2873,0.00442548911606653,0.00401613806092095
0.441752008128629,0.282792952381044,2874,2874,0.00411360782447028,0.00806497632880193
0.444733961470091,0.284324390467492,2875,2875,0.00335221543807691,0.00520805286692046
0.447981574487782,0.282583049444353,2876,2876,0.00368500459586442,0.0019145351211409
0.448630649069854,0.28454035878561,2877,2877,0.00206212455260719,0.00181913319986046
0.443036099035894,0.282003839630517,2878,2878,0.0061427127156204,0.00686980965358437
0.445805870293651,0.283351016174051,2879,2879,0.00308001906808144,0.00400784065834235
0.446852112717718,0.282587663563104,2880,2880,0.0012951179168552,0.00301058598069812
0.448997682719801,0.282499839849569,2881,2881,0.00214736667537121,0.00104232148300838
0.449037013431563,0.281475341514586,2882,2882,0.0010252530142708,0.00184793508738818
0.448833950717258,0.282354085739759,2883,2883,0.00090190125801889,0.00126131737440619
0.448006316277602,0.281756662332361,2884,2884,0.00102073184206751,0.00228096197154571
0.448181492872982,0.28276773628791,2885,2885,0.00102613711713278,0.0016726839160856
0.446397521853631,0.28107670756776,2886,2886,0.00245807459818797,0.00399424556697991
0.447324186467669,0.283088423006889,2887,2887,0.00221488291224154,0.00248557108036875
0.446188342629128,0.28287515425942,2888,2888,0.00115569233976739,0.00363128967242694
0.445175284325906,0.282931441410785,2889,2889,0.00101462080066226,0.00463895745988334
0.44019783358829,0.281262661483167,2890,2890,0.0052497468788709,0.00979544635835105
0.442620721026427,0.281126086653393,2891,2891,0.00242673365287801,0.00746883785849446
0.444461166011523,0.281494462448963,2892,2892,0.00187694924543183,0.00559940312083959
0.444116316720557,0.283124524677958,2893,2893,0.00166614042141632,0.00569264440976155
0.446187447286648,0.282876892523022,2894,2894,0.00208588194918928,0.00363204916148195
0.444023667977697,0.284069262511149,2895,2895,0.00247056412311575,0.00585711285405412
0.443813002091837,0.283894796133075,2896,2896,0.000273529948165323,0.00604142721600895
0.442721833040889,0.282456231799666,2897,2897,0.00180557947460215,0.00712135175664062
0.440853663460237,0.282584794365834,2898,2898,0.00187258802609942,0.0089733134531352
0.437975680508796,0.280897475479381,2899,2899,0.00333614011896436,0.0120465007133924
0.43711889852521,0.281443010214997,2900,2900,0.00101571822626241,0.0128048585129321
0.440801145664531,0.281553594774698,2901,2901,0.00368390729251973,0.00914886661083262
0.441155733770135,0.280304936150856,2902,2902,0.00129802969285359,0.00911022342640123
0.441612381780857,0.282217639435861,2903,2903,0.0019664590669939,0.00824985243944583
0.441006005329382,0.282062598897522,2904,2904,0.000625883351297427,0.00887032035456463
0.44371811836652,0.281637527331145,2905,2905,0.00274522184217506,0.0062767965886728
0.437603063121823,0.283384941809566,2906,2906,0.00635982374009599,0.0122079977610921
0.435983444756809,0.282408334612908,2907,2907,0.00189127609429635,0.0138455511388291
0.434954081758509,0.281658116596305,2908,2908,0.00127374065441254,0.0149299646484332
0.436473102506235,0.281568670582881,2909,2909,0.0015216519383026,0.0134297219395545
0.438300314867376,0.281048797350912,2910,2910,0.00189972976763146,0.0116995943088532
0.436341728075885,0.281413048331758,2911,2911,0.00199216992168158,0.0135792637922038
0.434978412108037,0.281164900288983,2912,2912,0.0013857156560142,0.0149633148277796
0.437818323519193,0.281898371450591,2913,2913,0.00293310019742299,0.0120561605522303
0.431121004652732,0.28052252049027,2914,2914,0.00683718113436092,0.018872290314821
0.432590085578687,0.280670622865216,2915,2915,0.00147652737206854,0.0173970084254366
0.43381158946346,0.281045368627783,2916,2916,0.00127769563162703,0.0161357124829975
0.435029579295679,0.282417064836374,2917,2917,0.00183440718490998,0.0147976826584286
0.429894012746639,0.281615011303751,2918,2918,0.00519782008622968,0.0199742742299176
0.432461005506722,0.282090871798252,2919,2919,0.00261072691803392,0.017380444364141
0.429327287732256,0.281533500978974,2920,2920,0.00318289951462238,0.0205456298760022
0.4316031662183,0.282089850870162,2921,2921,0.00234289310141518,0.0182368113658269
0.42774798994887,0.281362714117348,2922,2922,0.00392315076509453,0.0221335260012018
0.428957582659781,0.282729374233984,2923,2923,0.00182506832767761,0.0208556307136212
0.42704989888741,0.281819979879694,2924,2924,0.00211335171398011,0.0227980681211492
0.430897231184306,0.28131908583529,2925,2925,0.00387980162462686,0.0190004942380253
0.43155622743252,0.281775269493061,2926,2926,0.000801485860622113,0.0183046799320503
0.432240704307748,0.282833770731186,2927,2927,0.00126052904125023,0.0175711034144758
0.430752728352507,0.28216899466498,2928,2928,0.00162972379916858,0.0190816131746012
0.431284157394528,0.282034950735321,2929,2929,0.000548073536837316,0.0185585161236227
0.429221078406469,0.281494255254026,2930,2930,0.00213275561526998,0.0206546271707845
0.430103704315711,0.282052564762733,2931,2931,0.0010443840305072,0.0197359571532192
0.427411079295367,0.2815476280182,2932,2932,0.00273956029613543,0.0224553596470835
0.432480822364811,0.282499223922153,2933,2933,0.00515827777020579,0.0173404405805051
0.430586049275223,0.281904745022161,2934,2934,0.00198584244681251,0.0192634072051545
0.431931062732341,0.282634911053011,2935,2935,0.00153042596437501,0.0178853648920562
0.431128199985404,0.281483071111403,2936,2936,0.00140403840456774,0.0187552953106638
0.432908394131187,0.282522820380186,2937,2937,0.00206159398005861,0.0169122842184567
0.428563475993345,0.281286577973193,2938,2938,0.00451736747601989,0.0213273510707796
0.433769271052611,0.28160437557872,2939,2939,0.00521548631645797,0.0161143284857248
0.429226449988264,0.281520019133389,2940,2940,0.00454360421169606,0.0206472176551078
0.431537679343297,0.282702799047279,2941,2941,0.00259629533302086,0.0182767826437312
0.427437605113005,0.281605652186812,2942,2942,0.00424433032731172,0.0224248199404613
0.429741560590748,0.28083683582698,2943,2943,0.00242884528913801,0.0202007008876828
0.424952706041322,0.281000763920459,2944,2944,0.0047916594531949,0.0249492981939553
0.427618422930211,0.281527247588119,2945,2945,0.00271721025760245,0.0222500335074696
0.42800079767689,0.280576292734922,2946,2946,0.00102495150115334,0.0219599403971568
0.429575025131989,0.281939501227982,2947,2947,0.00208243354658356,0.0202702952522327
0.42700327917271,0.280315268371727,2948,2948,0.0030417116316977,0.0229816441920017
0.42689294944585,0.280371677979823,2949,2949,0.000123914052934471,0.0230842650559011
0.424306470035874,0.281186270248314,2950,2950,0.00271172201785312,0.0255782411028983
0.428562332316794,0.281028941988795,2951,2951,0.0042587692982127,0.0213525944433508
0.424964850469547,0.279958283397636,2952,2952,0.00375342316560393,0.0250487687505027
0.426992068001063,0.280411624228937,2953,2953,0.00207728881704193,0.0229810706889533
0.425829935614677,0.278528404020169,2954,2954,0.00221293245224486,0.0244210836365083
0.428261634380056,0.280034068731271,2955,2955,0.00286010228974519,0.0217720026569515
0.426573852692431,0.280054366898728,2956,2956,0.00168790374153433,0.0234409161471233
0.430077278015254,0.280336022173575,2957,2957,0.00351472882118144,0.0199318645976028
0.430345903466364,0.2802339572594,2958,2958,0.000287361931525318,0.0196808609098292
0.427404383146771,0.281477085970533,2959,2959,0.00319341678817897,0.0224671947372899
0.428274270070597,0.279894547094607,2960,2960,0.0018058606131322,0.021779942410554
0.43105173164181,0.281805408225958,2961,2961,0.00337130287023702,0.0188055943764885
0.431676516955706,0.280232152273524,2962,2962,0.00169277611642208,0.0183663267435319
0.430632466013675,0.280777799757686,2963,2963,0.00117803800725115,0.0193231202366598
0.430129442078536,0.280130987199232,2964,2964,0.000819389751642816,0.0199103274307369
0.42897081090966,0.281340288135862,2965,2965,0.00167476414483512,0.020916885069145
0.426752125061968,0.280022343546688,2966,2966,0.00258060939138092,0.0232685103190406
0.425190528668902,0.280323300664834,2967,2967,0.00159033282107825,0.0247806018798292
0.42570342371522,0.279470224274731,2968,2968,0.000995389700513109,0.0243853639509779
0.427402868001835,0.281132700090632,2969,2969,0.00237738022237988,0.0224970351375362
0.426574184658503,0.279508156322782,2970,2970,0.00182369365222768,0.0235190552626729
0.425301334846613,0.280765833143228,2971,2971,0.00178938470662866,0.0246236663664439
0.421978032663728,0.278715800211981,2972,2972,0.00390473717655417,0.0281825652705614
0.4276715021779,0.280666206854448,2973,2973,0.00601827892173325,0.0222767704760881
0.423878184275183,0.278416679452511,2974,2974,0.00441017394703778,0.026359944828413
0.426629618892241,0.28007411839926,2975,2975,0.00321208597552126,0.0233830308631557
0.426232531677413,0.279131213795963,2976,2976,0.0010231067134462,0.0239171485419456
0.427974388400653,0.279207327644418,2977,2977,0.00174351890216976,0.0221883791022933
0.424864464388409,0.277967921422801,2978,2978,0.00334779855190167,0.0254778942867323
0.426332256165743,0.279662398166202,2979,2979,0.00224179930759553,0.0237349059216446
0.423825054660659,0.278717453852115,2980,2980,0.00267936170455206,0.0263599205846287
0.427968580101828,0.279279245380028,2981,2981,0.00418143669119267,0.0221814177474832
0.4235832747562,0.279100933478617,2982,2982,0.00438892903890973,0.0265370070116493
0.425950466342254,0.279852836579098,2983,2983,0.00248373796476207,0.0240857646524207
0.425633560167586,0.279661558825964,2984,2984,0.000370157672332928,0.0244263351364688
0.428270817333772,0.278829868031445,2985,2985,0.00276529111275612,0.021967918584844
0.426019459493593,0.27832584086096,2986,2986,0.00230708810259178,0.0242744970039061
0.430107381114202,0.279265282447831,2987,2987,0.00419447895111933,0.02008168444024
0.429672486741888,0.278922277852547,2988,2988,0.000553881997772155,0.0205763193582659
0.431103320132077,0.278921355580584,2989,2989,0.0014308336874228,0.0191785388764143
0.430677252692538,0.279212125298217,2990,2990,0.000515829905809928,0.0195335721566673
0.433081155881091,0.280330534799015,2991,2991,0.00265133746464168,0.0169643982015842
0.431195668704732,0.279817544416035,2992,2992,0.00195402687423772,0.0189099455573542
0.434017152846173,0.279855284818048,2993,2993,0.00282173653949944,0.016132656174579
0.434304576113273,0.279665326101364,2994,2994,0.000344523509378352,0.015892037128478
0.434127691940831,0.280746617285563,2995,2995,0.001095663559441,0.0158649597042274
0.435013177695205,0.280054858835528,2996,2996,0.0011236613254864,0.0151168701284752
0.436900686105716,0.28069167718491,2997,2997,0.00199204056431088,0.0131410167612732
0.435932747580363,0.281143424003352,2998,2998,0.0010681667364395,0.0140210902338501
0.434987862237358,0.280961334593952,2999,2999,0.000962270681482237,0.0149823892646533
0.431139014314022,0.280426907251203,3000,3000,0.00388577443010348,0.0188680406884154
